5.969088554382324219e+00,5.374049767851829529e-02,1.497640514373779297e+01,6.693359347591388685e-04,4.090964428525167854e-08,1.995240148740479843e-11,5.619543405434144907e-13,-1.733582675060205470e-24,-1.070315661022949411e-16,-7.317551368025178682e-25
9.042282104492187500e+00,2.390679717063903809e-02,1.499175930023193359e+01,6.658180612832955911e-04,3.832771415293782611e-08,1.865546072488133772e-11,4.384687469041964689e-13,-1.247782495315800962e-24,-8.565330830018389912e-17,-1.251080167920700900e-25
1.205016231536865234e+01,1.640842482447624207e-02,1.500286960601806641e+01,6.614505890448799889e-04,3.513931146611975370e-08,1.545489175868808517e-11,3.360072272532458578e-13,-7.654357635132262711e-25,-6.298073808994494922e-17,-1.992981537433037500e-26
1.504968833923339844e+01,1.578290015459060669e-02,1.499448394775390625e+01,6.634555167131601840e-04,3.559791823997607325e-08,1.694495571201459127e-11,4.133621875752271070e-13,-1.093986787579161320e-24,-7.798640029315368518e-17,-4.846939731304381930e-27
1.805683708190917969e+01,1.995109766721725464e-02,1.497747135162353516e+01,6.638488209569565809e-04,3.576600989691546893e-08,1.881448281478897842e-11,4.256924261427200905e-13,-1.204687827399288870e-24,-8.050640287067790751e-17,1.017991908064873498e-26
2.106445121765136719e+01,1.722812652587890625e-02,1.499748039245605469e+01,6.584259185205707183e-04,3.090488392038118652e-08,1.501373334352711137e-11,3.185500960330981536e-13,-6.964320259673227457e-25,-5.597935157346172062e-17,1.718798697419910427e-26
2.406603050231933594e+01,2.517640776932239532e-02,1.500572776794433594e+01,6.604462398595434399e-04,3.251825215996245797e-08,1.658514646870455277e-11,3.585366108739408003e-13,-8.721927067732790664e-25,-6.441235817109588137e-17,6.064984069112088471e-26
2.706886100769042969e+01,2.591485530138015747e-02,1.500642395019531250e+01,6.549613057969812897e-04,2.850252807423475724e-08,1.268646532629413971e-11,2.420523023337373531e-13,-4.203941697095523179e-25,-4.062696879360900490e-17,5.642802574706812951e-26
3.007057571411132812e+01,2.643021941184997559e-02,1.500386333465576172e+01,6.533028447873472002e-04,2.723898980945850589e-08,1.152921422742819265e-11,2.102632358586148482e-13,-3.251640590338023639e-25,-3.454230670817827189e-17,3.797905741272513513e-26
3.307792663574218750e+01,2.839992754161357880e-02,1.500240612030029297e+01,6.557628084001550315e-04,2.962542845763371305e-08,1.274418355303231564e-11,2.497986907739920277e-13,-4.442110743737442288e-25,-4.282609606538733009e-17,-3.638325630611522394e-26
3.607184982299804688e+01,3.467611968517303467e-02,1.500224781036376953e+01,6.496700768303528221e-04,2.406574939650219871e-08,9.761683622454242345e-12,1.601128768507562430e-13,-1.974386937036236400e-25,-2.455799351648593636e-17,-3.296212266988374775e-26
3.907114410400390625e+01,3.622447699308395386e-02,1.498698139190673828e+01,6.486036389801647702e-04,2.308173127977134100e-08,9.310230097138326726e-12,1.452960925858448817e-13,-1.689894922679193067e-25,-2.207405374860413926e-17,4.304246397690233242e-28
4.208163070678710938e+01,3.682304173707962036e-02,1.499750232696533203e+01,6.462108177123715913e-04,2.068808445111589740e-08,8.488627320720317377e-12,1.216494665604157479e-13,-1.220169320163753175e-25,-1.733115354901435881e-17,-1.983538429283105637e-26
4.508008575439453125e+01,3.570194914937019348e-02,1.500405025482177734e+01,6.431601734228553288e-04,1.752342627932448762e-08,7.569978782383465161e-12,9.359180787904020690e-14,-7.824181152162302250e-26,-1.231029040867221783e-17,-9.174284282212412571e-27
4.808595657348632812e+01,4.307134076952934265e-02,1.498607444763183594e+01,6.404165677082475881e-04,1.539170344160062481e-08,5.910145844612243739e-12,6.512960595549464262e-14,-4.019688019349117632e-26,-8.046260410471410228e-18,-4.124672308639027634e-27
5.107995605468750000e+01,3.157482296228408813e-02,1.500070762634277344e+01,6.373868296528934635e-04,1.207757134427598679e-08,5.324703990023265183e-12,4.759786137309580462e-14,-2.375631638616952287e-26,-5.193120289233626825e-18,-3.135329856411959773e-27
5.407858276367187500e+01,3.312304615974426270e-02,1.500071811676025391e+01,6.339850483241199833e-04,8.898894365782741133e-09,3.950213349584506030e-12,2.726617627257550693e-14,-8.867186655337270742e-27,-2.548548464397509968e-18,-1.203047026823372766e-27
6.006569290161132812e+01,-2.404608577489852905e-02,1.499838352203369141e+01,6.276527818679553897e-04,2.550585808376131679e-09,2.010396615859299273e-12,5.140225588893045442e-15,-4.971459346611825658e-28,-2.462712310171264078e-19,-1.608949393555513024e-28
6.304821395874023438e+01,1.688563451170921326e-02,1.499962902069091797e+01,6.562956063182079792e-04,2.181327471463004709e-08,1.898198159291827936e-11,4.442724311495290334e-13,-1.282523630413770570e-24,-6.517425440006347189e-17,-1.401981686101877346e-25
