3.372673034667968750e+00,-6.733192801475524902e-01,1.627374267578125000e+01,6.671218158134655137e-04,3.947340194530956538e-08,2.074109731942330685e-11,4.713825948707364699e-13,-1.414884874595360967e-24,-9.019081794676810035e-17,4.129935069287715288e-25
6.079487323760986328e+00,-2.418504357337951660e-01,1.979149246215820312e+01,6.574014793180162162e-04,3.098944880573971814e-08,1.459077263460511216e-11,2.745516281262619828e-13,-5.191807281392668404e-25,-4.583680059621459429e-17,-1.800334071105720185e-25
9.067166328430175781e+00,-6.039419025182723999e-02,2.000445747375488281e+01,6.540475509792247500e-04,2.729909553432314563e-08,1.218404841779130218e-11,2.387093962275020651e-13,-4.049805088799896956e-25,-3.924255054556009281e-17,-4.147790722159329694e-26
1.207471561431884766e+01,-3.933757543563842773e-02,1.998634719848632812e+01,6.581677202132972873e-04,3.090932109610937632e-08,1.510761608673444350e-11,3.067498938791966046e-13,-6.555406363750573064e-25,-5.344758239182178059e-17,-7.955777229263356444e-26
1.507587528228759766e+01,-3.562980890274047852e-02,1.999718093872070312e+01,6.530735929594768752e-04,2.716289973577797940e-08,1.171207199853662030e-11,2.066856413706066733e-13,-3.214244676808981272e-25,-3.406267725758418782e-17,9.839482146082169279e-27
1.807748222351074219e+01,-2.930722944438457489e-02,1.999142456054687500e+01,6.523666742913412225e-04,2.659593209990278171e-08,1.043443612023884281e-11,1.956530079560736682e-13,-2.795482804170275787e-25,-3.190520342917969112e-17,-1.638616691603682977e-27
2.108573722839355469e+01,-2.479076199233531952e-02,1.999109840393066406e+01,6.531967901036367981e-04,2.647503214688690576e-08,1.234165804640328968e-11,2.281508603292398092e-13,-3.738717924152272953e-25,-3.623510329934286235e-17,-8.239000091502226610e-26
2.408618927001953125e+01,-2.321256138384342194e-02,1.998824119567871094e+01,6.486408167087676958e-04,2.303162848730142407e-08,9.860134241919596058e-12,1.493196842375040266e-13,-1.776675630150687663e-25,-2.225119587445931307e-17,-3.551690155997954872e-26
2.708937454223632812e+01,-1.460354402661323547e-02,1.998752021789550781e+01,6.479567696236741316e-04,2.192391941369189626e-08,9.225499833882120943e-12,1.515848442416570321e-13,-1.789393116254294887e-25,-2.240431287619059982e-17,-1.068480122322461581e-26
3.009323120117187500e+01,-1.475428603589534760e-02,2.000417709350585938e+01,6.448022598066942626e-04,1.914214099341067153e-08,8.680387962721645597e-12,1.086820877458582106e-13,-1.033966321327916211e-25,-1.479169459721029861e-17,-2.127008991254783728e-26
3.309414672851562500e+01,-1.293647475540637970e-02,1.999317169189453125e+01,6.455785939696485898e-04,2.001355277202239865e-08,8.353704666021451356e-12,1.170321315584893461e-13,-1.143998219121233902e-25,-1.638896783266849940e-17,-1.741002207930612810e-26
3.609706878662109375e+01,-8.961005136370658875e-03,2.000058746337890625e+01,6.416998446896996118e-04,1.652441356367700947e-08,6.205696394035953511e-12,7.712045196331536577e-14,-5.173831388080335509e-26,-9.644207926036785770e-18,-1.302184520487358700e-26
3.910036087036132812e+01,-5.909593775868415833e-03,2.000337982177734375e+01,6.392668915812389470e-04,1.392632435414507989e-08,5.926630939463391436e-12,5.999039702893689759e-14,-3.445061364658860953e-26,-6.842551863130924671e-18,-9.627717143872803352e-27
4.210068130493164062e+01,-9.605085477232933044e-03,2.000186920166015625e+01,6.368029840004307308e-04,1.178381445269261790e-08,4.860515766815099091e-12,4.100621115813062761e-14,-1.812284956610777077e-26,-4.412743838990096255e-18,-2.589633012541979934e-27
4.510229110717773438e+01,-3.213969059288501740e-03,1.999756050109863281e+01,6.341681023131440177e-04,9.028035145551947393e-09,4.123551969141516397e-12,2.808835389938637019e-14,-9.288175318456568432e-27,-2.612669081618557255e-18,-2.260448520827997207e-27
4.810626602172851562e+01,-5.351755768060684204e-03,2.000387954711914062e+01,6.317973419267084324e-04,6.705339728807238400e-09,3.168740033241837086e-12,1.772338471157724259e-14,-4.168554504236547285e-27,-1.440934016116466752e-18,-5.140930198500870001e-28
5.111127471923828125e+01,-6.583340466022491455e-03,2.000868988037109375e+01,6.294763192027628702e-04,4.483497767429885181e-09,2.538261466467877323e-12,9.547784273953351901e-15,-1.454275013902263950e-27,-6.224762521633471293e-19,-3.071327970043935942e-28
5.411474609375000000e+01,3.481282852590084076e-03,2.000186347961425781e+01,6.270996568188225238e-04,2.071872802537970305e-09,1.806780131746029453e-12,3.662522587005469537e-15,-2.743272159068892040e-28,-1.556140432017689753e-19,-1.162346552006686760e-28
6.011715316772460938e+01,-3.802643716335296631e-02,1.999637794494628906e+01,1.064487493338544524e-03,6.774878153469142305e-07,1.563906972928157046e-10,1.330564195561034943e-11,-6.010908847259473335e-22,-1.088324162230046850e-14,-8.419456161060974226e-23
6.311803054809570312e+01,-2.899361774325370789e-03,1.999994468688964844e+01,0.000000000000000000e+00,0.000000000000000000e+00,0.000000000000000000e+00,0.000000000000000000e+00,0.000000000000000000e+00,0.000000000000000000e+00,0.000000000000000000e+00
