5.131011962890625000e+00,-7.410293817520141602e-02,5.999799251556396484e+00,6.985622324552319407e-04,8.113444529416868286e-08,1.260199072067657586e-11,5.218211634866321526e-13,-1.334745608317272435e-24,-1.485072028338931751e-16,-9.527550596969735162e-26
1.504282760620117188e+01,-1.152585893869400024e-01,6.025537490844726562e+00,6.825087669051692167e-04,5.217616525401050981e-08,3.048108714062389170e-11,9.103378768695298872e-13,-4.783486611107386741e-24,-2.075591705925421857e-16,-3.369185415302533810e-25
2.505724906921386719e+01,-1.055027991533279419e-01,6.008321285247802734e+00,6.822623552566012576e-04,5.222414987013126722e-08,2.829712242834099287e-11,9.155928697385405879e-13,-4.652901499417257615e-24,-2.091203451079187564e-16,-2.645570775238405030e-25
3.503143310546875000e+01,-8.431604504585266113e-02,6.004822731018066406e+00,6.767578475296508970e-04,4.966570520807294016e-08,2.210180056252865902e-11,6.642234590340613837e-13,-2.544456193480299381e-24,-1.480099458800717868e-16,5.185381168739205535e-26
4.503536605834960938e+01,-6.971302628517150879e-02,6.022277832031250000e+00,6.707058542003922329e-04,4.317574079257144070e-08,2.066988502633305532e-11,5.411967509097984046e-13,-1.809954001999341387e-24,-1.124250258090447428e-16,-2.273649526949019372e-26
5.504893875122070312e+01,-7.259409129619598389e-02,6.006524562835693359e+00,6.625659530519571738e-04,3.580334477371600230e-08,1.590472627443425056e-11,3.678324759969290640e-13,-8.864197159416631402e-25,-6.941611493127520096e-17,-7.620070095419535929e-26
3.694222259521484375e+01,-1.289135664701461792e-01,7.336895942687988281e+00,6.716770636983561329e-04,4.470849284817829169e-08,2.022619031195105908e-11,5.505986866165005714e-13,-1.821030586885735109e-24,-1.152673333633356210e-16,-2.449102571417179839e-25
1.353780937194824219e+01,2.793311178684234619e-01,8.751497268676757812e+00,6.931923146890193359e-04,7.523557375253840070e-08,1.073676608504841868e-11,4.286051338460544971e-13,-8.421476470953894578e-25,-1.098655249754887758e-16,-3.689917862823332691e-25
2.503933906555175781e+01,-4.594210907816886902e-02,8.992372512817382812e+00,6.696388660133578826e-04,4.130335635212633685e-08,2.120609410282564989e-11,5.472115521024780763e-13,-1.863186368129719317e-24,-1.111073729813595961e-16,5.752996611465274483e-26
3.502006530761718750e+01,-2.550245448946952820e-02,9.005062103271484375e+00,6.693963871220677455e-04,4.247211205903111646e-08,1.921665363186573377e-11,5.004555390102031111e-13,-1.542219622449344409e-24,-1.026401749655370291e-16,-1.738153477163023188e-25
4.503327560424804688e+01,-2.157786488533020020e-02,9.007356643676757812e+00,6.617797598666831736e-04,3.558360163393488107e-08,1.492829178343716209e-11,3.407303068116035113e-13,-7.656697521512931372e-25,-6.408773557530076266e-17,-6.542501349816725949e-26
5.501895141601562500e+01,-2.673224732279777527e-02,9.001118659973144531e+00,6.487614430800580810e-04,2.329868359223079951e-08,9.293278257527841133e-12,1.458906068279373150e-13,-1.697720260038495739e-25,-2.224994871138886503e-17,-5.868800265587582934e-27
3.735256958007812500e+01,-6.794154644012451172e-02,1.030927944183349609e+01,6.641972588876821765e-04,3.783967635125537422e-08,1.634443980733334636e-11,3.860905660855633478e-13,-9.684487262502615787e-25,-7.498687086682459127e-17,-5.270436408880776939e-26
1.289196968078613281e+01,2.965740561485290527e-01,1.168884372711181641e+01,8.497097464558178714e-04,3.153195740713391633e-07,8.703062633278683656e-13,9.971777221747486612e-14,5.651589188790465817e-28,-3.827957327054546206e-18,2.937071496544802354e-26
2.506178855895996094e+01,-4.608495905995368958e-02,1.196548461914062500e+01,6.641374173084903633e-04,3.676145206858682456e-08,1.736846461756992642e-11,4.188683472485063943e-13,-1.128580120498915401e-24,-8.024961938751353233e-17,-5.223270429059192475e-26
3.503412246704101562e+01,-1.179208979010581970e-02,1.199518299102783203e+01,6.611407707949362896e-04,3.490217558375592657e-08,1.499708288671209249e-11,3.319339809363796066e-13,-7.404089764408115513e-25,-6.200825699080257614e-17,-1.661284543327464136e-26
4.504587936401367188e+01,-7.069505751132965088e-03,1.201156997680664062e+01,6.521530084845979409e-04,2.640702917292496791e-08,1.075533830944284257e-11,1.916715369212499216e-13,-2.740556047612245978e-25,-3.104328670372789548e-17,-2.507152972088681044e-26
5.503166198730468750e+01,4.722652956843376160e-03,1.202940082550048828e+01,6.388748217183504770e-04,1.334989353482279458e-08,5.977449570203453770e-12,5.943859286155778061e-14,-3.512730796440100690e-26,-6.822621749599888803e-18,-4.614861068323589925e-27
3.697203063964843750e+01,-1.883054524660110474e-02,1.334993362426757812e+01,6.551621752188282024e-04,3.025896945830612174e-08,1.107834055481655532e-11,2.117277141722915814e-13,-3.220344893355312260e-25,-3.657662190213214886e-17,-3.799262150287870554e-26
1.236119747161865234e+01,2.762716412544250488e-01,1.456842422485351562e+01,6.818042618875261437e-04,6.363044495410628014e-08,4.887966664031650025e-12,1.617455361164631714e-13,-1.350616493864429369e-25,-3.925035802839216788e-17,-4.941562521122735289e-26
2.507645034790039062e+01,-3.314605355262756348e-02,1.496167755126953125e+01,6.574646638044239367e-04,3.080130840388960643e-08,1.321921182083570341e-11,2.849132637979568568e-13,-5.526046635887655841e-25,-4.995724721217050798e-17,-1.902534445905177271e-26
3.506393051147460938e+01,-7.279461249709129333e-03,1.501652622222900391e+01,6.519634082280813085e-04,2.675455880262344832e-08,1.025491165827497441e-11,1.761209830824007668e-13,-2.342253309041524959e-25,-2.851223318611332410e-17,-3.407855561435919303e-26
4.504664611816406250e+01,-2.767544239759445190e-03,1.501016330718994141e+01,6.430274641689478609e-04,1.744864317389496571e-08,7.503079024354921317e-12,9.128673880367489452e-14,-7.509417812014636137e-26,-1.198465894064532958e-17,-8.281520974064724047e-27
5.503137207031250000e+01,-1.194392144680023193e-02,1.501399993896484375e+01,6.316936427101506281e-04,6.268910453603739058e-09,3.537960675014948208e-12,1.886935812997796214e-14,-4.834300449002039681e-27,-1.482680561062421341e-18,-6.318833164979261196e-28
3.687601089477539062e+01,-8.960925042629241943e-02,1.635128593444824219e+01,6.479967989299587235e-04,2.264875250942225094e-08,9.029668132661419497e-12,1.363398907115099353e-13,-1.503703163464867550e-25,-2.038911962456223791e-17,-1.652952045228892453e-26
1.316853427886962891e+01,2.825387716293334961e-01,1.764836120605468750e+01,6.583066069506090167e-04,3.135867666377320579e-08,1.485315733091930301e-11,3.093940622638781841e-13,-6.631815398528957064e-25,-5.478482912880142258e-17,9.539295864098758663e-27
2.503303909301757812e+01,-5.100936815142631531e-02,1.795572280883789062e+01,6.540545291969928092e-04,2.850608009149447367e-08,1.159966444922632684e-11,2.088595973778455634e-13,-3.249145061386453084e-25,-3.521624264189850072e-17,-1.069768213809056957e-26
3.504164123535156250e+01,-6.799921393394470215e-02,1.801758384704589844e+01,6.463325180471623556e-04,2.044852398417347109e-08,9.105049063971450232e-12,1.284893781760639234e-13,-1.375403335299308807e-25,-1.823748441004039555e-17,-1.992935027169498740e-26
4.502718734741210938e+01,-7.028280198574066162e-02,1.801466941833496094e+01,6.372790537444067470e-04,1.171468326115013505e-08,5.644258092717888959e-12,4.913856354720414525e-14,-2.552327489770778985e-26,-5.255026209920867894e-18,-4.272363164070162084e-27
5.496446228027343750e+01,-4.306535795331001282e-02,1.800260353088378906e+01,6.280631831917920247e-04,2.681108070695735351e-09,2.469302323072143015e-12,6.640836719584313540e-15,-8.491886997101796501e-28,-3.436267847393335906e-19,4.530267543076689217e-29
3.783435821533203125e+01,-2.332801520824432373e-01,1.924290466308593750e+01,6.409375683346975067e-04,1.539277516854094693e-08,6.730578627096580743e-12,7.460289669050752119e-14,-5.216041113756055708e-26,-9.112555230640297434e-18,-8.595949456398520764e-27
1.399997806549072266e+01,2.740118503570556641e-01,2.072010231018066406e+01,6.550947507600753637e-04,2.973731299690899881e-08,1.130395482349046654e-11,2.170879841760695095e-13,-3.366572380055139282e-25,-3.723542571127878328e-17,-4.806047645869043156e-26
2.497701072692871094e+01,-7.151573896408081055e-02,2.099094963073730469e+01,6.478139018097779081e-04,2.279371289266292282e-08,8.438363041935398323e-12,1.264820743986689454e-13,-1.301677407453477747e-25,-1.901203937948237475e-17,-1.143447558996916829e-26
3.496292877197265625e+01,-6.723250448703765869e-02,2.100869750976562500e+01,6.420651487653512065e-04,1.621457034956739228e-08,7.563879674707546913e-12,8.909720917732344644e-14,-7.303311872662809019e-26,-1.133564452404301575e-17,-3.994467916643087009e-27
4.495645904541015625e+01,-6.418235599994659424e-02,2.100430297851562500e+01,6.329158087892607781e-04,7.389253429685687160e-09,4.091138048315503187e-12,2.485653620225602198e-14,-7.926498617196727114e-27,-2.135839793575196595e-18,-2.146418521306610763e-29
5.495915222167968750e+01,-7.396373152732849121e-02,2.099044036865234375e+01,7.295181458373952918e-04,1.022865121971257539e-07,5.481755031896128244e-11,2.583403758191354957e-12,-3.066883056315182170e-23,-8.249222735706052269e-16,2.136252503684597784e-24
