3.136467456817626953e+00,-1.550737768411636353e-02,9.990970611572265625e+00,6.622396316670756469e-04,3.449050443452258978e-08,1.731697865409426657e-11,3.788863691212448468e-13,-9.682627766126753356e-25,-7.023228698317235861e-17,-6.599064547483028250e-26
6.069597721099853516e+00,-6.249204277992248535e-02,9.996813774108886719e+00,6.601366398823876056e-04,3.379137424624015540e-08,1.497056523446928271e-11,3.094878932385031170e-13,-6.658694376513304930e-25,-5.687425778643804260e-17,-1.998474959248345730e-26
9.065981864929199219e+00,-5.302646756172180176e-02,9.993911743164062500e+00,6.579383857854955104e-04,3.166267890323593279e-08,1.374889147248227228e-11,2.796264775468579815e-13,-5.474261416016425614e-25,-4.971729379581077135e-17,3.056176478540727643e-26
1.206586933135986328e+01,-4.446735233068466187e-02,9.990886688232421875e+00,6.563767445282265786e-04,2.991378663195372950e-08,1.343851850114043843e-11,2.600826435748552589e-13,-4.842131374355493445e-25,-4.482664464847847110e-17,-4.425315189369248294e-26
1.536142826080322266e+01,-4.341908693313598633e-01,1.628946304321289062e+01,3.965578845357664584e-02,3.389757201731939066e-04,1.159014436804957045e-04,2.560166823165487302e-05,1.210592554196068913e-11,-3.308535683121920985e-07,-1.394538335488055950e-09
1.809833717346191406e+01,-1.951316297054290771e-01,1.977470016479492188e+01,2.498472009615569298e-02,5.993397282703429594e-04,7.923316359174589502e-05,7.868406271512281614e-05,6.212746897119656522e-09,1.926292594556851860e-06,-4.187041011485356025e-13
2.106516838073730469e+01,-3.285761922597885132e-02,1.998459625244140625e+01,3.314390063391992047e-02,8.820125284588827171e-04,4.931584673017727681e-05,4.036666263029685739e-05,1.675531651021400565e-09,1.176042967365214512e-06,6.606064292857619832e-10
2.406879234313964844e+01,-2.331537567079067230e-02,1.999143409729003906e+01,2.775146101888871508e-02,6.297318522919996900e-04,3.966888667385621821e-05,3.661009238149647878e-05,1.337778712986436080e-09,9.104884925063347806e-07,3.960296728875350118e-10
2.403553581237792969e+01,4.376380145549774170e-02,1.330761814117431641e+01,3.146225681451354436e-03,6.582203143265037798e-06,8.268816533651535916e-07,8.166176650205750288e-07,6.710416997438446292e-13,2.093450512835294768e-09,-8.204885680163322490e-16
2.098118400573730469e+01,9.225769340991973877e-02,1.002433300018310547e+01,6.471194606571460369e-04,2.173324161131781043e-08,8.682439355630841721e-12,1.266618837780232771e-13,-1.326813557514422132e-25,-1.865754369296747597e-17,-6.240866686533200563e-27
1.798205566406250000e+01,9.700828790664672852e-02,9.991296768188476562e+00,6.500092456596805353e-04,2.413374448845372583e-08,1.036133548478587599e-11,1.646514978660348389e-13,-2.144260577617020095e-25,-2.550096412071513108e-17,-1.647963163631385759e-26
1.499059009552001953e+01,9.890605509281158447e-02,1.000018501281738281e+01,6.539922777865777529e-04,2.730931018130588641e-08,1.264861949188855139e-11,2.309724132806464560e-13,-3.944510826980003784e-25,-3.813348523133915286e-17,-1.625795522293330535e-26
1.346735858917236328e+01,-4.478375017642974854e-01,1.665720748901367188e+01,2.715814960594854430e-02,7.128414871807351805e-04,3.447378057939524943e-05,3.420989059109952161e-05,1.174821760149670748e-09,9.133712535166209832e-07,-1.244444947128412541e-13
9.044144630432128906e+00,-1.185466162860393524e-02,1.996889877319335938e+01,5.138908969877287181e-02,2.528145687856300002e-03,7.056968600209633674e-05,6.381369796458224205e-05,4.270588498148190940e-09,3.204495244719812504e-06,3.168749583393750861e-10
5.998593330383300781e+00,1.041891798377037048e-01,1.999137306213378906e+01,6.037759237952058933e-02,2.229173477916796507e-03,1.705409411139400101e-04,2.876003876205137481e-05,-1.550400841201083993e-09,-4.527157921577153927e-07,1.285761624258787457e-09
3.000743150711059570e+00,1.104979887604713440e-01,1.999996757507324219e+01,6.825071539414480359e-02,2.600157788408255857e-03,2.475773066508323494e-04,3.736708745080026664e-05,-2.105874402758029071e-09,-1.899345206905072119e-06,-2.912524033069861797e-09
