2.748864412307739258e+00,-6.506704092025756836e-01,1.628140068054199219e+01,6.629931699429539825e-04,3.497065293066893830e-08,1.847322651946464875e-11,4.096616889448688068e-13,-1.100799697887407844e-24,-7.549113792580515159e-17,2.414211008382906215e-25
6.297664642333984375e+00,-5.622369647026062012e-01,2.266065979003906250e+01,6.566263492919718631e-04,3.132686124645197699e-08,1.277918508908417385e-11,2.365344039664763576e-13,-4.014421971390258375e-25,-4.097991051768074306e-17,-8.922283197342194702e-26
9.058632850646972656e+00,-3.699629008769989014e-02,2.297255325317382812e+01,6.544537071484124620e-04,2.967122654478099662e-08,1.051040003230899388e-11,2.089050409448857529e-13,-2.942600409680072524e-25,-3.417234424714067806e-17,-9.608953663818270456e-26
1.206158161163330078e+01,-1.429615914821624756e-02,2.297933578491210938e+01,6.510403758034448689e-04,2.506711238399218389e-08,1.027473017094374365e-11,1.833318182567123787e-13,-2.514867645474555769e-25,-2.902202628318883891e-17,8.130526212488392319e-27
1.506316566467285156e+01,-1.282600313425064087e-02,2.300423431396484375e+01,6.516059954723857090e-04,2.583327050832032422e-08,1.067451617752972900e-11,1.867655764856832918e-13,-2.632782405788344735e-25,-2.995282969218884194e-17,-1.500701078025520090e-26
1.806566619873046875e+01,-6.663314998149871826e-04,2.299724578857421875e+01,6.489691502713616517e-04,2.337024088909770247e-08,9.097331297002393097e-12,1.473047956143134667e-13,-1.665917388894028010e-25,-2.213005363796419744e-17,-3.640331907043194245e-26
2.106988525390625000e+01,2.938320860266685486e-03,2.301085662841796875e+01,6.472762181816541817e-04,2.143248543987610969e-08,9.108980230378843670e-12,1.407510190696630374e-13,-1.583916331372730590e-25,-2.039154330824082926e-17,-1.765066178675060607e-26
2.407514381408691406e+01,2.725029364228248596e-03,2.300325775146484375e+01,6.446087567260967884e-04,1.921554472440428341e-08,7.603431477309582871e-12,1.018533647555518055e-13,-8.722019311624712117e-26,-1.373060485014646078e-17,-2.065698428950055636e-26
2.707375526428222656e+01,1.342441700398921967e-02,2.300036239624023438e+01,6.423618968202825718e-04,1.698138263559268958e-08,7.248905662872292241e-12,8.336212038455389613e-14,-6.451135098828115566e-26,-1.080242362937175758e-17,-6.132131636887526984e-27
3.007099533081054688e+01,1.287263259291648865e-02,2.300276565551757812e+01,6.431896692182714672e-04,1.788497155723651121e-08,7.220731095334895114e-12,9.209388171581410563e-14,-7.459603817011927854e-26,-1.222938352816003569e-17,-8.680922528037131722e-27
3.307899475097656250e+01,1.111738197505474091e-02,2.299810028076171875e+01,6.401742658974353363e-04,1.463900222253280219e-08,6.506473723088398097e-12,6.888710729289547824e-14,-4.595734515607305838e-26,-8.305558799099360294e-18,-3.857903224079498551e-27
3.608460617065429688e+01,1.362525671720504761e-02,2.300719833374023438e+01,6.366517945520248824e-04,1.135835313518975045e-08,5.092920117085699219e-12,4.223038202475274590e-14,-1.956494260410685764e-26,-4.485664064721904798e-18,-8.835173445183218335e-28
3.908839035034179688e+01,1.876087114214897156e-02,2.301095199584960938e+01,6.357090042388029204e-04,1.062724396011017762e-08,4.486512948677338726e-12,3.721453002061006249e-14,-1.481670569769281847e-26,-3.774975194089130982e-18,-3.420013169991852300e-27
4.208721160888671875e+01,2.106546610593795776e-02,2.300584030151367188e+01,6.331333726242198076e-04,8.069734228916806607e-09,3.578702961933540195e-12,2.391064537352083904e-14,-6.916939881596599893e-27,-2.122064318942762069e-18,-1.037987594266136674e-27
4.509095764160156250e+01,2.139195799827575684e-02,2.299221992492675781e+01,6.309967537636974964e-04,5.836143010132315024e-09,3.183337145980930560e-12,1.483499663445649266e-14,-3.202663853443895146e-27,-1.125339787518743057e-18,-3.688381045562490071e-28
4.809240341186523438e+01,2.485795319080352783e-02,2.300263977050781250e+01,6.288705146435050186e-04,3.846887023410268487e-09,2.404602537051793643e-12,7.827618951978172228e-15,-9.541711507204909461e-28,-4.337848000758613220e-19,-4.927788128963749509e-28
5.109245681762695312e+01,2.543655037879943848e-02,2.300165748596191406e+01,6.267963515330138465e-04,1.782647478276690773e-09,1.739598962987439790e-12,3.020491402688236455e-15,-2.011613761973571345e-28,-1.168223825135624184e-19,-8.644261676439957175e-29
5.409266662597656250e+01,2.440513670444488525e-02,2.301273536682128906e+01,6.452852577573723030e-04,1.255267679004876032e-08,1.282976910710115659e-11,2.247460796516350615e-13,-3.775829659856150310e-25,-2.484732847456602225e-17,-5.546153180079990382e-26
6.008523941040039062e+01,-1.867736503481864929e-02,2.299728965759277344e+01,0.000000000000000000e+00,0.000000000000000000e+00,0.000000000000000000e+00,0.000000000000000000e+00,0.000000000000000000e+00,0.000000000000000000e+00,0.000000000000000000e+00
6.310029220581054688e+01,2.528509683907032013e-02,2.300318336486816406e+01,0.000000000000000000e+00,0.000000000000000000e+00,0.000000000000000000e+00,0.000000000000000000e+00,0.000000000000000000e+00,0.000000000000000000e+00,0.000000000000000000e+00
