3.114422082901000977e+00,1.898552849888801575e-02,1.000008773803710938e+01,6.718901986715465190e-04,4.372550698875143118e-08,2.315448813004252608e-11,5.887712990511627153e-13,-2.073491437563424111e-24,-1.177718062689509129e-16,-6.530164102586302783e-25
6.053113937377929688e+00,-5.227807909250259399e-02,1.001453018188476562e+01,6.718148882336246342e-04,4.179257651566498903e-08,2.492743350958676454e-11,6.315265365403769434e-13,-2.500852325724320745e-24,-1.288457816084972552e-16,1.555209448488818548e-25
9.068988800048828125e+00,-5.749370157718658447e-02,1.000536537170410156e+01,6.787251449722672952e-04,4.814540106886587379e-08,2.760917552939281730e-11,8.533370649842430969e-13,-4.117695295466280558e-24,-1.863805426853993070e-16,4.478336968975795334e-25
1.206446933746337891e+01,-5.166334658861160278e-02,1.000184249877929688e+01,6.711093255321897745e-04,4.161509449996184159e-08,2.452628706375720145e-11,6.009345240149554532e-13,-2.306933195564794526e-24,-1.225874365945490808e-16,2.301844895325128168e-26
1.506589031219482422e+01,-3.778376430273056030e-02,9.980507850646972656e+00,6.746785014198885275e-04,4.465056523830361831e-08,2.448126802216844769e-11,7.152639144811005563e-13,-2.975294965505681835e-24,-1.501442254643048069e-16,3.256830602193463698e-25
1.807196998596191406e+01,-3.862018883228302002e-02,1.000119113922119141e+01,6.697746190117589938e-04,4.085212445622569044e-08,2.152359791832145895e-11,5.758147658696491388e-13,-2.022586345911596734e-24,-1.160207271563623802e-16,-1.356506086903612893e-25
2.108000946044921875e+01,-3.044391609728336334e-02,9.966197013854980469e+00,6.658809031397956843e-04,3.762264145372096725e-08,1.906854427945751385e-11,4.646331690510606455e-13,-1.381271245539534494e-24,-8.998290380174009707e-17,-6.924970071391743177e-26
2.408181953430175781e+01,-2.898025326430797577e-02,9.998456001281738281e+00,6.662010113924402141e-04,3.761488378079377509e-08,1.928292061389468542e-11,4.851575641896237682e-13,-1.483845683823685117e-24,-9.405658047596820631e-17,-1.489495462994131827e-26
2.336529541015625000e+01,3.259418904781341553e-01,1.495284557342529297e+01,6.537187649530281849e-04,2.465980021705326102e-08,1.502293907604995844e-11,2.801918090591932817e-13,-5.742802281479218801e-25,-4.396500496078870933e-17,2.576780464817918891e-26
2.095632743835449219e+01,1.471193730831146240e-01,1.494495582580566406e+01,6.592375612622778823e-04,3.154134318569538159e-08,1.571120281066539817e-11,3.311668874870947527e-13,-7.402488614562779781e-25,-5.758387078294115420e-17,-1.505183734057368518e-25
1.799181556701660156e+01,1.105278655886650085e-01,1.500614166259765625e+01,6.657547532738042903e-04,3.832686227805463742e-08,1.867150584199913137e-11,4.347733118647180376e-13,-1.232620990795386180e-24,-8.453607272034214433e-17,-1.230825948991499307e-25
1.499293994903564453e+01,1.072494834661483765e-01,1.501191425323486328e+01,6.652121019610811661e-04,3.756485327425585013e-08,1.796432411384635750e-11,4.480200241000417387e-13,-1.269641650198774316e-24,-8.676919468833780716e-17,-5.912635499081700004e-26
1.199627685546875000e+01,1.127968356013298035e-01,1.499793815612792969e+01,6.627463321267425310e-04,3.505264492118988963e-08,1.809435338475095598e-11,3.867080870433785120e-13,-1.015707460413457025e-24,-7.203747964210676754e-17,-1.213529922458801536e-25
9.001275062561035156e+00,1.128919497132301331e-01,1.499744319915771484e+01,6.671179855871203291e-04,3.769326957934965307e-08,2.019551905569960584e-11,5.440089348704547439e-13,-1.798937236086971536e-24,-1.052369929226825044e-16,-1.234712777082273967e-25
6.000766277313232422e+00,1.173926964402198792e-01,1.499444580078125000e+01,6.717627171160162102e-04,4.365837180890290090e-08,2.148873307049914350e-11,5.934095865264527033e-13,-2.103356786617439523e-24,-1.231912155807892659e-16,-2.572570913760874610e-25
3.006729125976562500e+00,1.205134317278862000e-01,1.499280452728271484e+01,6.648363145479859945e-04,3.737449233645549481e-08,1.893535336124769420e-11,4.191708158967652692e-13,-1.178634240835907049e-24,-8.084435675967451636e-17,7.356130853454574193e-26
2.378963470458984375e+00,3.520056009292602539e-01,1.993606376647949219e+01,6.510705921684350680e-04,2.214004859128957375e-08,1.417678520467855806e-11,2.379354385556465806e-13,-4.345355840594499045e-25,-3.522143083817725694e-17,4.630800695415916961e-26
6.051986694335937500e+00,2.890744991600513458e-02,1.998146629333496094e+01,6.544630301816040541e-04,2.621120606176899267e-08,1.492157024972087374e-11,2.788657431543999382e-13,-5.567913546574684622e-25,-4.438830767002649575e-17,-1.165206697223962847e-25
9.107725143432617188e+00,-2.098501659929752350e-03,1.998382377624511719e+01,6.546577687424318028e-04,2.883470872472688812e-08,1.193355828987710111e-11,2.260008327892439992e-13,-3.527784114280084876e-25,-3.672337023441051625e-17,-1.153259679491709310e-25
1.211215019226074219e+01,9.354669600725173950e-05,2.000661087036132812e+01,6.517500907770922090e-04,2.606647641697962868e-08,1.045816234115890387e-11,1.854384302755475066e-13,-2.567774168054922539e-25,-2.981104311358225014e-17,-2.746670313965085875e-26
1.511486721038818359e+01,3.264946863055229187e-04,1.999694633483886719e+01,6.524469320611707510e-04,2.609586726813205951e-08,1.192439173836787406e-11,2.114661644021291954e-13,-3.253500112951918232e-25,-3.332369708002039935e-17,-8.311657532063931372e-26
1.811289787292480469e+01,8.240714669227600098e-04,2.000446510314941406e+01,6.532870148396596743e-04,2.659724848359002838e-08,1.323937254923745642e-11,2.260888791428831623e-13,-3.858204969056069031e-25,-3.641661859097860892e-17,-6.439974040272086765e-26
2.112065124511718750e+01,2.402281388640403748e-04,2.000134658813476562e+01,6.508767469576054628e-04,2.578411279939204941e-08,9.675150286828498768e-12,1.630332662534374497e-13,-2.045167521869584817e-25,-2.617584028476967590e-17,-9.959195072487774748e-27
2.411966514587402344e+01,3.709126263856887817e-03,1.999581527709960938e+01,6.499500218157306958e-04,2.315766751872893694e-08,1.219515651094669932e-11,1.809072830985840349e-13,-2.661885178453695820e-25,-2.726363172383810119e-17,-3.669769940701363245e-26
