3.119904518127441406e+00,-1.050430350005626678e-03,9.936924934387207031e+00,6.693558811370786156e-04,4.014190124848712853e-08,2.207483330960920475e-11,5.594856612101959029e-13,-1.966059338229799598e-24,-1.120897530156926307e-16,-2.515200298677130319e-26
6.066027164459228516e+00,-5.666849762201309204e-02,1.000290966033935547e+01,6.755712781128258735e-04,4.655968769478278268e-08,2.446845934024254332e-11,7.093413640834228777e-13,-2.954878601552260251e-24,-1.530414338730009733e-16,4.328821047494080004e-26
9.063244819641113281e+00,-5.525393784046173096e-02,1.001577091217041016e+01,6.694676541303248634e-04,3.954786633401461960e-08,2.302354480628595813e-11,5.858599838246372987e-13,-2.148671450728210643e-24,-1.164883396302879849e-16,1.136662489632443212e-25
1.206558895111083984e+01,-4.591060429811477661e-02,1.001208400726318359e+01,6.715582032452765623e-04,4.199639297156825769e-08,2.318542940576842897e-11,6.206684251882354087e-13,-2.351746362580424806e-24,-1.267791981448912338e-16,-1.136543742619824770e-25
1.506732654571533203e+01,-4.162558913230895996e-02,1.000592899322509766e+01,6.685030568194246870e-04,3.961463914958658934e-08,2.145024553647292689e-11,5.344358224827525819e-13,-1.807008383897453712e-24,-1.062030022936075548e-16,-9.499647743957924821e-26
1.806821250915527344e+01,-3.389295190572738647e-02,9.995750427246093750e+00,6.738684539277351284e-04,4.334831110913637234e-08,2.662086152713964462e-11,7.052307439403577053e-13,-3.042678921650817190e-24,-1.462707443541014451e-16,-2.815791499270244813e-25
2.107151794433593750e+01,-2.554538287222385406e-02,9.995330810546875000e+00,6.706492713360566460e-04,4.061289168920649870e-08,2.340157095936491093e-11,6.269840953017499958e-13,-2.401537769328310189e-24,-1.263351026134363415e-16,2.178721415654117515e-26
2.407742691040039062e+01,-2.615726925432682037e-02,9.989759445190429688e+00,6.658018183022322263e-04,3.711266241109822383e-08,1.945283940085822149e-11,4.816845385626622494e-13,-1.474354627930976305e-24,-9.277198816843565641e-17,-1.834124177670498528e-26
2.707478141784667969e+01,-1.939365454018115997e-02,9.989838600158691406e+00,6.682130126599794767e-04,3.875280717547642525e-08,2.099567111982695117e-11,5.510051107903201603e-13,-1.874107348590546220e-24,-1.084681523832457908e-16,7.899244051240854427e-27
3.008128738403320312e+01,-1.967626065015792847e-02,1.000783061981201172e+01,6.660007863468357702e-04,3.709553009014287994e-08,1.928076852253221691e-11,4.954705262941598216e-13,-1.525050951577836228e-24,-9.505685124437299145e-17,-1.393140996090470154e-25
3.308256530761718750e+01,-2.199741266667842865e-02,9.995409965515136719e+00,6.641080139029669448e-04,3.636031341541224753e-08,1.711806736057734799e-11,4.260675681101083263e-13,-1.149698707763964549e-24,-8.118264764887248538e-17,-4.689905234791459571e-26
3.607986068725585938e+01,-1.295425370335578918e-02,1.000388622283935547e+01,6.633509916072546919e-04,3.593018594775450938e-08,1.730221107758538396e-11,3.974914660908123363e-13,-1.041481014461413899e-24,-7.528527219475323081e-17,-4.422282728209105116e-26
3.908758926391601562e+01,-7.205590605735778809e-03,9.997970581054687500e+00,6.600952649033669031e-04,3.255258112617929118e-08,1.593281455777837799e-11,3.439773235550538905e-13,-8.035368369822195180e-25,-6.191853081494144474e-17,-5.278904042662875474e-26
4.209956359863281250e+01,-1.109151169657707214e-02,9.995958328247070312e+00,6.581943866913876444e-04,3.135888940843651854e-08,1.439838080412585809e-11,2.980889202258846658e-13,-6.161980660195263392e-25,-5.264561034557779228e-17,-4.091466123406042164e-26
4.510291290283203125e+01,-1.208931952714920044e-02,9.989715576171875000e+00,6.552673569359668531e-04,2.828519792860084175e-08,1.342034695742638929e-11,2.579600198127931995e-13,-4.773994559315060234e-25,-4.313637407675613052e-17,-4.956935803799607861e-26
4.809968948364257812e+01,-6.862968206405639648e-03,1.000905704498291016e+01,6.521434247229102640e-04,2.609709041806715756e-08,1.141936264899013025e-11,1.950131037268484076e-13,-2.909769073244296262e-25,-3.150214148338614124e-17,4.759928934792094814e-27
5.109435653686523438e+01,-9.120846167206764221e-03,9.996340751647949219e+00,6.493331159641271746e-04,2.338635930710580124e-08,9.904115693186423176e-12,1.611140883410118498e-13,-2.031221112442744388e-25,-2.459401495382227418e-17,-1.272776072308066571e-26
5.410404205322265625e+01,-2.975456416606903076e-03,9.996523857116699219e+00,6.466064511365330605e-04,2.087665793333592205e-08,8.789542767503108338e-12,1.284120505988437528e-13,-1.358308436472114768e-25,-1.849686434381801017e-17,-1.271134794616348948e-26
6.008377075195312500e+01,-4.881861805915832520e-02,9.993440628051757812e+00,6.378698669199677797e-04,1.260569076391164964e-08,5.342156900299375320e-12,5.059895221761824861e-14,-2.621507248500309222e-26,-5.664091807305818571e-18,-2.196800002061377890e-27
6.311335754394531250e+01,1.578269526362419128e-03,1.000044536590576172e+01,6.330910694593032319e-04,8.033921123170270955e-09,3.579364948782270017e-12,2.304717694423913072e-14,-6.586751008581012777e-27,-2.056717007908215582e-18,-6.583167323481085902e-28
