6.028654575347900391e+00,4.187717288732528687e-02,9.997504234313964844e+00,6.701463654480845989e-04,4.022621415572223724e-08,2.453934465609253557e-11,5.948378068236110450e-13,-2.272575402636910446e-24,-1.192995764168459188e-16,1.619257060629471398e-26
9.038984298706054688e+00,3.477503731846809387e-02,9.991026878356933594e+00,6.781190659050356914e-04,4.883041989184083041e-08,2.674099193601388667e-11,7.916219347486837080e-13,-3.642214220004362003e-24,-1.749294975809986170e-16,-1.617776102138877759e-36
1.204047012329101562e+01,2.893067151308059692e-02,9.991451263427734375e+00,6.752420926553112093e-04,4.587553227328715647e-08,2.464416991725937060e-11,7.048331262357616124e-13,-2.937537616540630910e-24,-1.509640678624231599e-16,-1.113725038373448516e-26
1.504064655303955078e+01,3.376178443431854248e-02,9.998659133911132812e+00,6.693612050350107156e-04,4.066500503498859388e-08,2.157649070185896714e-11,5.479433721793231133e-13,-1.883852152802151722e-24,-1.104908949240645163e-16,2.774817580871333893e-26
1.804594802856445312e+01,3.210314363241195679e-02,1.000498962402343750e+01,6.710433362997732590e-04,4.087202153284862811e-08,2.429810973092068053e-11,6.351530996012034706e-13,-2.495137403308088609e-24,-1.283684039085825826e-16,-1.642605170716265806e-26
2.105508422851562500e+01,3.654846549034118652e-02,1.000427341461181641e+01,6.693174036889074996e-04,4.025621216760271503e-08,2.076448355522035908e-11,5.729730293986821072e-13,-1.972877767902259531e-24,-1.147584007491582579e-16,-1.169455918864544359e-25
2.405270385742187500e+01,3.680865094065666199e-02,1.000758266448974609e+01,6.667007312397084298e-04,3.889743715254687956e-08,1.920120642664414414e-11,4.686406612139593090e-13,-1.404540816014815256e-24,-9.240953421560363257e-17,-5.953850502373735087e-26
2.705291557312011719e+01,3.964705020189285278e-02,1.001375770568847656e+01,6.658046007821500321e-04,3.752598955816880606e-08,1.947863768534574801e-11,4.636014842662462596e-13,-1.392885680919147677e-24,-8.980215949520120677e-17,2.691134619393914340e-26
3.005390167236328125e+01,4.076569527387619019e-02,9.994560241699218750e+00,6.668328579234353249e-04,3.855648398810122531e-08,1.961786453446394460e-11,4.926127112023366942e-13,-1.520063145136426039e-24,-9.594604417532612438e-17,1.858680981175892821e-25
3.306610870361328125e+01,4.440698027610778809e-02,9.991674423217773438e+00,6.615247763688325349e-04,3.383617596122665910e-08,1.662577519599730121e-11,3.729679247598162536e-13,-9.286977086924449507e-25,-6.858659673238843639e-17,-9.723767944754078962e-27
3.606443405151367188e+01,4.746039956808090210e-02,9.993763923645019531e+00,6.635957292952108155e-04,3.511942175929641121e-08,1.813083986784446830e-11,4.323569038689180146e-13,-1.207744102478077359e-24,-8.091565860525671627e-17,-8.195626494045641628e-26
3.906262207031250000e+01,4.999344050884246826e-02,1.000365638732910156e+01,6.595109857991459604e-04,3.238665794784679270e-08,1.547563556993448765e-11,3.248331309472952444e-13,-7.276496364590397240e-25,-5.839515960412708423e-17,-3.094639665475955912e-26
4.206986618041992188e+01,5.451564490795135498e-02,9.986265182495117188e+00,6.568306412953517403e-04,3.012215328622164681e-08,1.362444444559681642e-11,2.698130799292030424e-13,-5.173134857833029967e-25,-4.682801490611187159e-17,-3.515135488459681551e-28
4.505640029907226562e+01,4.381158202886581421e-02,9.991472244262695312e+00,6.556848365382543769e-04,2.952904506543044673e-08,1.268095439321132075e-11,2.435402564789712441e-13,-4.278510076429202562e-25,-4.184453873323186958e-17,1.084800159311733684e-26
4.805596923828125000e+01,4.573230445384979248e-02,1.000065135955810547e+01,6.519650246879437564e-04,2.576431947945361036e-08,1.114253795327272831e-11,1.972802703104868755e-13,-2.922461023874863064e-25,-3.164402116595119516e-17,-1.204925269253808133e-26
5.104697418212890625e+01,3.720101714134216309e-02,1.000567054748535156e+01,6.491706781654999056e-04,2.340212337283190097e-08,9.664619936092644715e-12,1.550798784156454248e-13,-1.898563312957332014e-25,-2.372349105704819729e-17,2.832252565268215628e-28
5.403007507324218750e+01,3.329228982329368591e-02,9.995409011840820312e+00,6.457595494652744765e-04,2.026417704051959336e-08,8.314623851283811945e-12,1.154155376963087565e-13,-1.128558199286461305e-25,-1.639803333661609968e-17,-6.829499880670506252e-27
5.969088554382324219e+00,5.374049767851829529e-02,1.497640514373779297e+01,6.693359347591388685e-04,4.090964428525167854e-08,1.995240148740479843e-11,5.619543405434144907e-13,-1.733582675060205470e-24,-1.070315661022949411e-16,-7.317551368025178682e-25
9.042282104492187500e+00,2.390679717063903809e-02,1.499175930023193359e+01,6.658180612832955911e-04,3.832771415293782611e-08,1.865546072488133772e-11,4.384687469041964689e-13,-1.247782495315800962e-24,-8.565330830018389912e-17,-1.251080167920700900e-25
1.205016231536865234e+01,1.640842482447624207e-02,1.500286960601806641e+01,6.614505890448799889e-04,3.513931146611975370e-08,1.545489175868808517e-11,3.360072272532458578e-13,-7.654357635132262711e-25,-6.298073808994494922e-17,-1.992981537433037500e-26
1.504968833923339844e+01,1.578290015459060669e-02,1.499448394775390625e+01,6.634555167131601840e-04,3.559791823997607325e-08,1.694495571201459127e-11,4.133621875752271070e-13,-1.093986787579161320e-24,-7.798640029315368518e-17,-4.846939731304381930e-27
1.805683708190917969e+01,1.995109766721725464e-02,1.497747135162353516e+01,6.638488209569565809e-04,3.576600989691546893e-08,1.881448281478897842e-11,4.256924261427200905e-13,-1.204687827399288870e-24,-8.050640287067790751e-17,1.017991908064873498e-26
2.106445121765136719e+01,1.722812652587890625e-02,1.499748039245605469e+01,6.584259185205707183e-04,3.090488392038118652e-08,1.501373334352711137e-11,3.185500960330981536e-13,-6.964320259673227457e-25,-5.597935157346172062e-17,1.718798697419910427e-26
2.406603050231933594e+01,2.517640776932239532e-02,1.500572776794433594e+01,6.604462398595434399e-04,3.251825215996245797e-08,1.658514646870455277e-11,3.585366108739408003e-13,-8.721927067732790664e-25,-6.441235817109588137e-17,6.064984069112088471e-26
2.706886100769042969e+01,2.591485530138015747e-02,1.500642395019531250e+01,6.549613057969812897e-04,2.850252807423475724e-08,1.268646532629413971e-11,2.420523023337373531e-13,-4.203941697095523179e-25,-4.062696879360900490e-17,5.642802574706812951e-26
3.007057571411132812e+01,2.643021941184997559e-02,1.500386333465576172e+01,6.533028447873472002e-04,2.723898980945850589e-08,1.152921422742819265e-11,2.102632358586148482e-13,-3.251640590338023639e-25,-3.454230670817827189e-17,3.797905741272513513e-26
3.307792663574218750e+01,2.839992754161357880e-02,1.500240612030029297e+01,6.557628084001550315e-04,2.962542845763371305e-08,1.274418355303231564e-11,2.497986907739920277e-13,-4.442110743737442288e-25,-4.282609606538733009e-17,-3.638325630611522394e-26
3.607184982299804688e+01,3.467611968517303467e-02,1.500224781036376953e+01,6.496700768303528221e-04,2.406574939650219871e-08,9.761683622454242345e-12,1.601128768507562430e-13,-1.974386937036236400e-25,-2.455799351648593636e-17,-3.296212266988374775e-26
3.907114410400390625e+01,3.622447699308395386e-02,1.498698139190673828e+01,6.486036389801647702e-04,2.308173127977134100e-08,9.310230097138326726e-12,1.452960925858448817e-13,-1.689894922679193067e-25,-2.207405374860413926e-17,4.304246397690233242e-28
4.208163070678710938e+01,3.682304173707962036e-02,1.499750232696533203e+01,6.462108177123715913e-04,2.068808445111589740e-08,8.488627320720317377e-12,1.216494665604157479e-13,-1.220169320163753175e-25,-1.733115354901435881e-17,-1.983538429283105637e-26
4.508008575439453125e+01,3.570194914937019348e-02,1.500405025482177734e+01,6.431601734228553288e-04,1.752342627932448762e-08,7.569978782383465161e-12,9.359180787904020690e-14,-7.824181152162302250e-26,-1.231029040867221783e-17,-9.174284282212412571e-27
4.808595657348632812e+01,4.307134076952934265e-02,1.498607444763183594e+01,6.404165677082475881e-04,1.539170344160062481e-08,5.910145844612243739e-12,6.512960595549464262e-14,-4.019688019349117632e-26,-8.046260410471410228e-18,-4.124672308639027634e-27
5.107995605468750000e+01,3.157482296228408813e-02,1.500070762634277344e+01,6.373868296528934635e-04,1.207757134427598679e-08,5.324703990023265183e-12,4.759786137309580462e-14,-2.375631638616952287e-26,-5.193120289233626825e-18,-3.135329856411959773e-27
5.407858276367187500e+01,3.312304615974426270e-02,1.500071811676025391e+01,6.339850483241199833e-04,8.898894365782741133e-09,3.950213349584506030e-12,2.726617627257550693e-14,-8.867186655337270742e-27,-2.548548464397509968e-18,-1.203047026823372766e-27
6.079487323760986328e+00,-2.418504357337951660e-01,1.979149246215820312e+01,6.574014793180162162e-04,3.098944880573971814e-08,1.459077263460511216e-11,2.745516281262619828e-13,-5.191807281392668404e-25,-4.583680059621459429e-17,-1.800334071105720185e-25
9.067166328430175781e+00,-6.039419025182723999e-02,2.000445747375488281e+01,6.540475509792247500e-04,2.729909553432314563e-08,1.218404841779130218e-11,2.387093962275020651e-13,-4.049805088799896956e-25,-3.924255054556009281e-17,-4.147790722159329694e-26
1.207471561431884766e+01,-3.933757543563842773e-02,1.998634719848632812e+01,6.581677202132972873e-04,3.090932109610937632e-08,1.510761608673444350e-11,3.067498938791966046e-13,-6.555406363750573064e-25,-5.344758239182178059e-17,-7.955777229263356444e-26
1.507587528228759766e+01,-3.562980890274047852e-02,1.999718093872070312e+01,6.530735929594768752e-04,2.716289973577797940e-08,1.171207199853662030e-11,2.066856413706066733e-13,-3.214244676808981272e-25,-3.406267725758418782e-17,9.839482146082169279e-27
1.807748222351074219e+01,-2.930722944438457489e-02,1.999142456054687500e+01,6.523666742913412225e-04,2.659593209990278171e-08,1.043443612023884281e-11,1.956530079560736682e-13,-2.795482804170275787e-25,-3.190520342917969112e-17,-1.638616691603682977e-27
2.108573722839355469e+01,-2.479076199233531952e-02,1.999109840393066406e+01,6.531967901036367981e-04,2.647503214688690576e-08,1.234165804640328968e-11,2.281508603292398092e-13,-3.738717924152272953e-25,-3.623510329934286235e-17,-8.239000091502226610e-26
2.408618927001953125e+01,-2.321256138384342194e-02,1.998824119567871094e+01,6.486408167087676958e-04,2.303162848730142407e-08,9.860134241919596058e-12,1.493196842375040266e-13,-1.776675630150687663e-25,-2.225119587445931307e-17,-3.551690155997954872e-26
2.708937454223632812e+01,-1.460354402661323547e-02,1.998752021789550781e+01,6.479567696236741316e-04,2.192391941369189626e-08,9.225499833882120943e-12,1.515848442416570321e-13,-1.789393116254294887e-25,-2.240431287619059982e-17,-1.068480122322461581e-26
3.009323120117187500e+01,-1.475428603589534760e-02,2.000417709350585938e+01,6.448022598066942626e-04,1.914214099341067153e-08,8.680387962721645597e-12,1.086820877458582106e-13,-1.033966321327916211e-25,-1.479169459721029861e-17,-2.127008991254783728e-26
3.309414672851562500e+01,-1.293647475540637970e-02,1.999317169189453125e+01,6.455785939696485898e-04,2.001355277202239865e-08,8.353704666021451356e-12,1.170321315584893461e-13,-1.143998219121233902e-25,-1.638896783266849940e-17,-1.741002207930612810e-26
3.609706878662109375e+01,-8.961005136370658875e-03,2.000058746337890625e+01,6.416998446896996118e-04,1.652441356367700947e-08,6.205696394035953511e-12,7.712045196331536577e-14,-5.173831388080335509e-26,-9.644207926036785770e-18,-1.302184520487358700e-26
3.910036087036132812e+01,-5.909593775868415833e-03,2.000337982177734375e+01,6.392668915812389470e-04,1.392632435414507989e-08,5.926630939463391436e-12,5.999039702893689759e-14,-3.445061364658860953e-26,-6.842551863130924671e-18,-9.627717143872803352e-27
4.210068130493164062e+01,-9.605085477232933044e-03,2.000186920166015625e+01,6.368029840004307308e-04,1.178381445269261790e-08,4.860515766815099091e-12,4.100621115813062761e-14,-1.812284956610777077e-26,-4.412743838990096255e-18,-2.589633012541979934e-27
4.510229110717773438e+01,-3.213969059288501740e-03,1.999756050109863281e+01,6.341681023131440177e-04,9.028035145551947393e-09,4.123551969141516397e-12,2.808835389938637019e-14,-9.288175318456568432e-27,-2.612669081618557255e-18,-2.260448520827997207e-27
4.810626602172851562e+01,-5.351755768060684204e-03,2.000387954711914062e+01,6.317973419267084324e-04,6.705339728807238400e-09,3.168740033241837086e-12,1.772338471157724259e-14,-4.168554504236547285e-27,-1.440934016116466752e-18,-5.140930198500870001e-28
5.111127471923828125e+01,-6.583340466022491455e-03,2.000868988037109375e+01,6.294763192027628702e-04,4.483497767429885181e-09,2.538261466467877323e-12,9.547784273953351901e-15,-1.454275013902263950e-27,-6.224762521633471293e-19,-3.071327970043935942e-28
5.411474609375000000e+01,3.481282852590084076e-03,2.000186347961425781e+01,6.270996568188225238e-04,2.071872802537970305e-09,1.806780131746029453e-12,3.662522587005469537e-15,-2.743272159068892040e-28,-1.556140432017689753e-19,-1.162346552006686760e-28
6.297664642333984375e+00,-5.622369647026062012e-01,2.266065979003906250e+01,6.566263492919718631e-04,3.132686124645197699e-08,1.277918508908417385e-11,2.365344039664763576e-13,-4.014421971390258375e-25,-4.097991051768074306e-17,-8.922283197342194702e-26
9.058632850646972656e+00,-3.699629008769989014e-02,2.297255325317382812e+01,6.544537071484124620e-04,2.967122654478099662e-08,1.051040003230899388e-11,2.089050409448857529e-13,-2.942600409680072524e-25,-3.417234424714067806e-17,-9.608953663818270456e-26
1.206158161163330078e+01,-1.429615914821624756e-02,2.297933578491210938e+01,6.510403758034448689e-04,2.506711238399218389e-08,1.027473017094374365e-11,1.833318182567123787e-13,-2.514867645474555769e-25,-2.902202628318883891e-17,8.130526212488392319e-27
1.506316566467285156e+01,-1.282600313425064087e-02,2.300423431396484375e+01,6.516059954723857090e-04,2.583327050832032422e-08,1.067451617752972900e-11,1.867655764856832918e-13,-2.632782405788344735e-25,-2.995282969218884194e-17,-1.500701078025520090e-26
1.806566619873046875e+01,-6.663314998149871826e-04,2.299724578857421875e+01,6.489691502713616517e-04,2.337024088909770247e-08,9.097331297002393097e-12,1.473047956143134667e-13,-1.665917388894028010e-25,-2.213005363796419744e-17,-3.640331907043194245e-26
2.106988525390625000e+01,2.938320860266685486e-03,2.301085662841796875e+01,6.472762181816541817e-04,2.143248543987610969e-08,9.108980230378843670e-12,1.407510190696630374e-13,-1.583916331372730590e-25,-2.039154330824082926e-17,-1.765066178675060607e-26
2.407514381408691406e+01,2.725029364228248596e-03,2.300325775146484375e+01,6.446087567260967884e-04,1.921554472440428341e-08,7.603431477309582871e-12,1.018533647555518055e-13,-8.722019311624712117e-26,-1.373060485014646078e-17,-2.065698428950055636e-26
2.707375526428222656e+01,1.342441700398921967e-02,2.300036239624023438e+01,6.423618968202825718e-04,1.698138263559268958e-08,7.248905662872292241e-12,8.336212038455389613e-14,-6.451135098828115566e-26,-1.080242362937175758e-17,-6.132131636887526984e-27
3.007099533081054688e+01,1.287263259291648865e-02,2.300276565551757812e+01,6.431896692182714672e-04,1.788497155723651121e-08,7.220731095334895114e-12,9.209388171581410563e-14,-7.459603817011927854e-26,-1.222938352816003569e-17,-8.680922528037131722e-27
3.307899475097656250e+01,1.111738197505474091e-02,2.299810028076171875e+01,6.401742658974353363e-04,1.463900222253280219e-08,6.506473723088398097e-12,6.888710729289547824e-14,-4.595734515607305838e-26,-8.305558799099360294e-18,-3.857903224079498551e-27
3.608460617065429688e+01,1.362525671720504761e-02,2.300719833374023438e+01,6.366517945520248824e-04,1.135835313518975045e-08,5.092920117085699219e-12,4.223038202475274590e-14,-1.956494260410685764e-26,-4.485664064721904798e-18,-8.835173445183218335e-28
3.908839035034179688e+01,1.876087114214897156e-02,2.301095199584960938e+01,6.357090042388029204e-04,1.062724396011017762e-08,4.486512948677338726e-12,3.721453002061006249e-14,-1.481670569769281847e-26,-3.774975194089130982e-18,-3.420013169991852300e-27
4.208721160888671875e+01,2.106546610593795776e-02,2.300584030151367188e+01,6.331333726242198076e-04,8.069734228916806607e-09,3.578702961933540195e-12,2.391064537352083904e-14,-6.916939881596599893e-27,-2.122064318942762069e-18,-1.037987594266136674e-27
4.509095764160156250e+01,2.139195799827575684e-02,2.299221992492675781e+01,6.309967537636974964e-04,5.836143010132315024e-09,3.183337145980930560e-12,1.483499663445649266e-14,-3.202663853443895146e-27,-1.125339787518743057e-18,-3.688381045562490071e-28
4.809240341186523438e+01,2.485795319080352783e-02,2.300263977050781250e+01,6.288705146435050186e-04,3.846887023410268487e-09,2.404602537051793643e-12,7.827618951978172228e-15,-9.541711507204909461e-28,-4.337848000758613220e-19,-4.927788128963749509e-28
5.109245681762695312e+01,2.543655037879943848e-02,2.300165748596191406e+01,6.267963515330138465e-04,1.782647478276690773e-09,1.739598962987439790e-12,3.020491402688236455e-15,-2.011613761973571345e-28,-1.168223825135624184e-19,-8.644261676439957175e-29
5.409266662597656250e+01,2.440513670444488525e-02,2.301273536682128906e+01,6.452852577573723030e-04,1.255267679004876032e-08,1.282976910710115659e-11,2.247460796516350615e-13,-3.775829659856150310e-25,-2.484732847456602225e-17,-5.546153180079990382e-26
