3.120126724243164062e+00,5.557260476052761078e-03,9.944599151611328125e+00,6.672164366584308658e-04,3.805234521121125503e-08,2.049760828622116722e-11,5.243309484391653074e-13,-1.717427749574134859e-24,-1.022076902374552652e-16,-7.200427778885476793e-26
6.065494537353515625e+00,-5.334258824586868286e-02,9.997237205505371094e+00,6.638011743652521592e-04,3.691505180539709871e-08,1.687450295259090954e-11,3.834516255611634633e-13,-9.753170259850200383e-25,-7.367317744669032504e-17,1.248217595486613660e-26
9.071282386779785156e+00,-5.221563577651977539e-02,9.996556282043457031e+00,6.646034461155217411e-04,3.633204135087017726e-08,1.886340440555297078e-11,4.415131395079374651e-13,-1.269242334218725104e-24,-8.380686857832875225e-17,-1.118881851553509244e-25
1.207474994659423828e+01,-5.430565029382705688e-02,9.994340896606445312e+00,6.629303266513639952e-04,3.538472579391644806e-08,1.761423575269349904e-11,3.878207014840430079e-13,-1.012373026435960659e-24,-7.291670253887490439e-17,-5.041388802935786560e-26
1.507779598236083984e+01,-3.832931816577911377e-02,9.982712745666503906e+00,6.608603367423045985e-04,3.384397730953310722e-08,1.592780812709406658e-11,3.408751790441754770e-13,-7.940526302769459137e-25,-6.268343745470533222e-17,-1.880765115663545698e-26
1.808318901062011719e+01,-3.431327641010284424e-02,1.000469589233398438e+01,6.617737032342057256e-04,3.426756371718291806e-08,1.699611010152620278e-11,3.692837907440374544e-13,-9.242265744818887371e-25,-6.830568276372070745e-17,-4.146706895228391271e-26
2.107828330993652344e+01,-3.358295559883117676e-02,1.000882816314697266e+01,6.586578350909810592e-04,3.168060569303728922e-08,1.496548376270996929e-11,3.068494902545249775e-13,-6.572223291167922012e-25,-5.458289181200869340e-17,-2.098059547638236885e-26
2.407850074768066406e+01,-2.816734276711940765e-02,1.000178718566894531e+01,6.540392803326441733e-04,2.793845350530217717e-08,1.227963463153961893e-11,2.202921787191641860e-13,-3.615479851588491356e-25,-3.675306532543092998e-17,-2.362735028546499808e-26
2.485931205749511719e+01,-4.524811804294586182e-01,1.648134040832519531e+01,2.069934076012531696e-02,4.084917166344440367e-04,2.845072042819186839e-05,2.812566547826112273e-05,7.956110984758654841e-10,5.684462914951276336e-07,-1.858031145002164811e-13
2.103745651245117188e+01,-1.929677277803421021e-02,1.977245903015136719e+01,4.605977321879876213e-02,2.081012351291422740e-03,9.353439987360044811e-05,9.359446445508186926e-05,8.757112415831326722e-09,4.269583275641581038e-06,9.681743330464280610e-13
1.800413894653320312e+01,9.923356771469116211e-02,2.000345039367675781e+01,5.882258719256198282e-02,1.777126282508717341e-03,2.177547358500938734e-04,3.759679405096245811e-05,-2.951913398783157599e-09,-7.139812819570549365e-07,1.690714945055627742e-09
1.500545501708984375e+01,1.047527417540550232e-01,1.999474716186523438e+01,6.625293853337854699e-02,2.129343691632320547e-03,2.918179324448702734e-04,4.432888066371258839e-05,-3.535046406681133050e-09,-2.045320558753476424e-06,-3.594892938499033265e-09
1.200273132324218750e+01,1.083939969539642334e-01,1.998484420776367188e+01,6.789279177555337941e-02,2.732388553866117991e-03,2.439408215223686860e-04,3.604145878852491438e-05,-2.825657052883570466e-09,-1.845253748767331038e-06,-1.853734539306302689e-09
9.002927780151367188e+00,1.095890179276466370e-01,1.999213600158691406e+01,7.325371060145759172e-02,3.354638403940171307e-03,2.548511792402573511e-04,4.284172527688677820e-05,-8.266350659705322429e-10,-2.250366243568562531e-06,-4.399568520727993345e-09
6.012079715728759766e+00,1.127865165472030640e-01,2.000024795532226562e+01,8.357976824606599964e-02,4.144322998793188544e-03,3.921026814666099970e-04,1.230690607644777427e-04,2.323995007743763364e-08,6.512916199926576050e-08,-1.381250816014403073e-08
3.015169382095336914e+00,1.145273596048355103e-01,1.999969482421875000e+01,8.777351702460094163e-02,4.918943416417342722e-03,3.995062689536049857e-04,1.629117429086308390e-04,3.960613983414440664e-08,2.607714981297829978e-06,-1.259783214231102531e-08
