3.118888854980468750e+00,1.673660427331924438e-02,9.928491592407226562e+00,6.705908072412345659e-04,4.161090234503110520e-08,2.259958516345426983e-11,5.922030394883614260e-13,-2.155254364308679699e-24,-1.201974133232056491e-16,-2.203328995861413937e-25
6.061729907989501953e+00,-4.152340069413185120e-02,9.995918273925781250e+00,6.643147397119910378e-04,3.704380798523871287e-08,1.722189497408697585e-11,4.103379446088885001e-13,-1.090706421706144747e-24,-7.897679231913233984e-17,-1.572242135382620892e-26
9.069798469543457031e+00,-4.259118065237998962e-02,9.996968269348144531e+00,6.640386984015993980e-04,3.642432434205297388e-08,1.753807967788892399e-11,4.090601428025409024e-13,-1.090999254845376186e-24,-7.788704091293677928e-17,1.008421170707919225e-25
1.206823253631591797e+01,-2.866288647055625916e-02,1.000023555755615234e+01,6.636364641796990184e-04,3.507095625854002800e-08,1.795181021124567687e-11,4.345926321411753552e-13,-1.211747925746997612e-24,-8.129361685499046936e-17,-7.200388181863470023e-26
1.507148742675781250e+01,-2.474653348326683044e-02,9.987115859985351562e+00,6.626889093057075891e-04,3.598739903814033327e-08,1.622510115649907028e-11,3.668942373545571089e-13,-8.947302052430472611e-25,-6.957033665947228278e-17,-2.802550972384523202e-26
1.807977485656738281e+01,-1.664577424526214600e-02,1.001471614837646484e+01,6.587528271404481184e-04,3.222667767724529316e-08,1.407184229219458163e-11,2.963263087768631450e-13,-6.049599807606272194e-25,-5.318788535264381246e-17,1.325048106916409655e-26
2.107621002197265625e+01,-1.431453973054885864e-02,9.996732711791992188e+00,6.573472777876741228e-04,3.047273007320591857e-08,1.391195556416916433e-11,2.842271105650660589e-13,-5.637927525415132187e-25,-4.948373940609444735e-17,-3.967792332752146123e-26
2.408007240295410156e+01,-1.027822867035865784e-02,1.000896263122558594e+01,6.551047938142664845e-04,2.858093376716835284e-08,1.307774163424071987e-11,2.430946763634481043e-13,-4.319836517696559341e-25,-4.100475214567379530e-17,-3.550836019601027049e-26
2.484789848327636719e+01,-4.273898303508758545e-01,1.653504562377929688e+01,6.398373324718924443e-04,1.460891966367543662e-08,6.209640537340635346e-12,6.194332807587725459e-14,-3.840567954840776535e-26,-7.477526076051389830e-18,-9.383199854481961290e-28
2.103089332580566406e+01,-3.011113032698631287e-03,1.980562019348144531e+01,6.370928293635491017e-04,1.188333780644723238e-08,5.074991933290321832e-12,4.349766093144589438e-14,-2.011958064557246231e-26,-4.677095608624623836e-18,-3.587794252418685177e-27
1.799699783325195312e+01,1.102573275566101074e-01,1.999173545837402344e+01,6.389902345450076352e-04,1.348232622358578559e-08,6.183959202944945723e-12,5.710628117309288508e-14,-3.329131463509680023e-26,-6.546997887422433782e-18,-6.582733605868813587e-27
1.500254058837890625e+01,1.179757565259933472e-01,1.998228454589843750e+01,6.408830585259888205e-04,1.561480377527538771e-08,6.735772036883849044e-12,6.731560737623945843e-14,-4.525924407947512883e-26,-8.403540530047216793e-18,-2.497168051242226692e-27
1.199649238586425781e+01,1.192186474800109863e-01,1.999660491943359375e+01,6.446302213572388399e-04,1.895510915550846458e-08,8.349351647293958905e-12,1.078653485085629274e-13,-1.023075011119337821e-25,-1.483784523673296155e-17,-3.415092566034002217e-27
9.000243186950683594e+00,1.204282641410827637e-01,2.000001907348632812e+01,6.452201182525431258e-04,1.985343346528149596e-08,8.301557838729568017e-12,1.091190504795359229e-13,-1.010251019301512193e-25,-1.503753590047147615e-17,-2.408218324318256319e-26
6.005564689636230469e+00,1.264431178569793701e-01,1.999265670776367188e+01,6.463960021045721954e-04,2.170339616161436248e-08,7.888121359074049432e-12,1.098733785710807194e-13,-9.825072062831273814e-26,-1.555058914385233774e-17,-2.845470989820746852e-26
3.005136966705322266e+00,1.238020062446594238e-01,2.000075531005859375e+01,6.470876019547750543e-04,2.099250668015115073e-08,9.809677153062520532e-12,1.352181758186411340e-13,-1.538838159242069212e-25,-1.933919203844145419e-17,-2.392618127420214250e-26
