3.092113256454467773e+00,3.335849940776824951e-02,9.924312591552734375e+00,6.467769056316299663e-04,2.109724062687331885e-08,8.689810472114848124e-12,1.274879591024429314e-13,-1.339709247334496865e-25,-1.847810338907262374e-17,-7.603600872404230652e-27
6.040217876434326172e+00,-4.421152174472808838e-03,9.997655868530273438e+00,6.425417998519569653e-04,1.722194236885636386e-08,6.881520212938980536e-12,8.421115656300063293e-14,-6.395291952730287040e-26,-1.103302852451750930e-17,-4.423209674915354933e-27
9.038408279418945312e+00,2.702664583921432495e-03,1.000079345703125000e+01,6.384817930267407257e-04,1.332144196978931518e-08,5.405213163990931213e-12,5.253507877947776967e-14,-2.793786872729795854e-26,-6.048180160261013749e-18,-1.787623665306832027e-27
1.203863143920898438e+01,4.162862896919250488e-04,1.000352096557617188e+01,6.343275020719156857e-04,9.405047404792142565e-09,3.879608371747662890e-12,2.738120641794471099e-14,-8.887426538757121125e-27,-2.642975059986687671e-18,-8.101144876644306703e-28
1.537317466735839844e+01,-3.682732880115509033e-01,1.655920410156250000e+01,1.156451704095008172e-03,7.693116069162725442e-07,6.543177769919250353e-10,2.332782409665041551e-10,9.076534791389388223e-20,1.995702931519539654e-13,8.247687493585305636e-21
1.807807159423828125e+01,-1.741398572921752930e-01,1.980269050598144531e+01,1.660724410256578850e-03,2.160572012846308968e-06,1.622164821183452758e-09,9.943729248683952045e-10,1.262577124848515907e-18,1.457411036260686280e-12,2.887037487489261653e-20
2.104526519775390625e+01,-1.886874437332153320e-03,1.998130607604980469e+01,3.723489062620491397e-02,1.368418183664475924e-03,1.450669323004750468e-03,1.449016435594194414e-03,2.100845812630953595e-06,5.359910947857401275e-05,1.738497497860146800e-10
2.404787445068359375e+01,1.730097644031047821e-02,2.000220298767089844e+01,4.580637184216483637e-02,2.076065562290277909e-03,2.298076649430162016e-03,2.295683859683458720e-03,5.272910201143233271e-06,1.045962910690453982e-04,3.491686319773163616e-10
2.401895904541015625e+01,8.545407652854919434e-02,1.330471134185791016e+01,2.168327857775073468e-03,4.139125361460261491e-06,3.694795181185483546e-09,2.860766764276122872e-09,9.300555090173998325e-18,5.816573251039849214e-12,6.309073367258142476e-20
2.096176528930664062e+01,1.431624740362167358e-01,1.000818729400634766e+01,1.138128549022455940e-03,8.349542898857974526e-07,1.810942207802513458e-10,1.603468193335222924e-11,-8.557238348058551304e-22,-1.456477122263411620e-14,-1.197191961608124338e-22
1.796811866760253906e+01,1.477953791618347168e-01,9.998761177062988281e+00,6.602304822484314408e-04,2.587225086993684912e-08,2.033451967915038346e-11,5.230391619718313273e-13,-1.692586314981200157e-24,-8.355393975245901253e-17,-2.115971579559384525e-25
1.497076702117919922e+01,1.532876789569854736e-01,1.001549148559570312e+01,6.287807601180440357e-04,3.837581355524277655e-09,2.175696506706876643e-12,7.414543314926535133e-15,-9.152287769630227417e-28,-4.466887841130956763e-19,-2.218311769561384701e-28
1.330044460296630859e+01,-3.106274306774139404e-01,1.696379470825195312e+01,6.631924786046278220e-02,4.278336967150189567e-03,4.216014712663211780e-04,4.161211062963032846e-04,1.742932812931655655e-07,2.721606820143091735e-05,-6.413473536189313576e-11
9.001703262329101562e+00,5.694319307804107666e-02,1.998963928222656250e+01,3.498528399612091389e-02,1.148832205270785634e-03,1.055428080751091732e-04,1.051213952844497158e-04,1.106241128846433817e-08,3.561791125373808588e-06,4.757204172062813331e-10
5.974164962768554688e+00,1.519448161125183105e-01,1.999694061279296875e+01,2.436399234294226585e-02,2.637714055967855880e-04,3.255799820399164622e-05,3.003822504813877454e-05,4.573670288094959659e-10,4.370510687708398147e-07,8.205156120506703452e-10
2.977771520614624023e+00,1.636601388454437256e-01,1.999959945678710938e+01,2.936327988355818056e-02,3.414168713719512504e-04,5.483147191358879734e-05,3.697299725930160494e-05,4.476956357927544505e-10,5.373951503339625558e-07,1.603393519066830406e-09
