3.049667358398437500e+00,1.385133415460586548e-01,9.991067886352539062e+00,6.694121590275874112e-04,4.050618796055526971e-08,2.206020297251937354e-11,5.596972184590829798e-13,-1.936659682765904721e-24,-1.109152563903894850e-16,-3.423350331890319378e-25
6.024894714355468750e+00,7.594206929206848145e-02,1.000173473358154297e+01,6.660653179023195676e-04,3.800837776735774897e-08,1.946682928953117325e-11,4.674044898487549874e-13,-1.392812628802394444e-24,-9.034888560339117186e-17,-2.188112281955156617e-25
9.030591011047363281e+00,6.730402261018753052e-02,1.000374794006347656e+01,6.631899536945682055e-04,3.645705526321086390e-08,1.610581190883386152e-11,3.758797316854360293e-13,-9.244313327123422078e-25,-7.176666925035122683e-17,2.735195320053087621e-26
1.203854942321777344e+01,6.341600418090820312e-02,1.001734638214111328e+01,6.634776460422016050e-04,3.525465041094773021e-08,1.833041556822346948e-11,4.203877705352189497e-13,-1.164465553943167766e-24,-7.876660154814140430e-17,-7.647762582713835938e-26
1.504072570800781250e+01,6.071972101926803589e-02,1.000837993621826172e+01,6.622001820879503450e-04,3.542923400552886293e-08,1.610920999534887265e-11,3.612685769445802186e-13,-8.706379233473107703e-25,-6.793934276058009209e-17,-3.942546720793862140e-26
1.804294013977050781e+01,5.886724963784217834e-02,1.000159740447998047e+01,6.586832192533715030e-04,3.181709884692746296e-08,1.473159161966429162e-11,3.005649043664464228e-13,-6.294462591619204836e-25,-5.338913947972438311e-17,6.165661457124423495e-26
2.104565048217773438e+01,6.212981045246124268e-02,1.001218414306640625e+01,6.586560776801260886e-04,3.248990007157807218e-08,1.398757419554615458e-11,2.888353760057393062e-13,-5.801656497257212242e-25,-5.203501399451485924e-17,2.138260428611586594e-26
2.403375053405761719e+01,5.476222932338714600e-02,1.001155471801757812e+01,6.549449848593719755e-04,2.900050570791212385e-08,1.221956377933820713e-11,2.294631187848725459e-13,-3.841413368365752918e-25,-3.905957504354757755e-17,8.494125236117001465e-27
2.483082389831542969e+01,-3.355216383934020996e-01,1.649622726440429688e+01,6.420923315185659945e-04,1.726495033596053078e-08,6.319742116483881056e-12,7.317932424012403941e-14,-4.866210495245042748e-26,-9.445959253973926006e-18,-1.042348299910634487e-26
2.096614837646484375e+01,6.869459152221679688e-02,1.973664474487304688e+01,6.370767439112676395e-04,1.203120889801045270e-08,5.168688910690620402e-12,4.177383035968687878e-14,-1.889840056459730254e-26,-4.487720109602871111e-18,-4.431160463666700637e-27
1.792290687561035156e+01,1.820075809955596924e-01,2.000435447692871094e+01,6.389497695394554715e-04,1.372015653049298761e-08,5.954952259120160090e-12,5.500877957026258431e-14,-3.148032135564109022e-26,-6.443344539326105172e-18,4.680637113509212233e-28
1.491246032714843750e+01,1.785038113594055176e-01,2.000953102111816406e+01,6.405398891858862451e-04,1.483674373942235776e-08,6.804569350387455340e-12,7.086413392379814527e-14,-4.920784765612792996e-26,-8.631449017726746969e-18,-2.516361935317042410e-28
1.190570163726806641e+01,1.702049076557159424e-01,1.999234199523925781e+01,6.429636791278585265e-04,1.747575911089640861e-08,7.514005023640633035e-12,8.577072325440673255e-14,-6.872015902569546507e-26,-1.133003866645229904e-17,-4.329474730134418556e-27
8.897594451904296875e+00,1.618231385946273804e-01,2.000775337219238281e+01,6.455581590925410767e-04,2.032412982958415983e-08,7.908244614057620749e-12,1.078951830038734356e-13,-9.890984298134296796e-26,-1.529207168950594727e-17,-1.224647818717032235e-26
5.882931709289550781e+00,1.597234904766082764e-01,2.000543785095214844e+01,6.469121797900407407e-04,2.161418433996800239e-08,8.568970795525248181e-12,1.256113362566350001e-13,-1.276746637413086779e-25,-1.826524710196393035e-17,-2.611914933441465201e-26
2.872004032135009766e+00,1.500722616910934448e-01,1.999731445312500000e+01,6.477396249505063160e-04,2.252409703348091768e-08,8.919042185815537136e-12,1.276202513103479543e-13,-1.300013645493073738e-25,-1.858198683442327943e-17,-4.047527925289303134e-26
