6.028654575347900391e+00,4.187717288732528687e-02,9.997504234313964844e+00,6.701463654480845989e-04,4.022621415572223724e-08,2.453934465609253557e-11,5.948378068236110450e-13,-2.272575402636910446e-24,-1.192995764168459188e-16,1.619257060629471398e-26
9.038984298706054688e+00,3.477503731846809387e-02,9.991026878356933594e+00,6.781190659050356914e-04,4.883041989184083041e-08,2.674099193601388667e-11,7.916219347486837080e-13,-3.642214220004362003e-24,-1.749294975809986170e-16,-1.617776102138877759e-36
1.204047012329101562e+01,2.893067151308059692e-02,9.991451263427734375e+00,6.752420926553112093e-04,4.587553227328715647e-08,2.464416991725937060e-11,7.048331262357616124e-13,-2.937537616540630910e-24,-1.509640678624231599e-16,-1.113725038373448516e-26
1.504064655303955078e+01,3.376178443431854248e-02,9.998659133911132812e+00,6.693612050350107156e-04,4.066500503498859388e-08,2.157649070185896714e-11,5.479433721793231133e-13,-1.883852152802151722e-24,-1.104908949240645163e-16,2.774817580871333893e-26
1.804594802856445312e+01,3.210314363241195679e-02,1.000498962402343750e+01,6.710433362997732590e-04,4.087202153284862811e-08,2.429810973092068053e-11,6.351530996012034706e-13,-2.495137403308088609e-24,-1.283684039085825826e-16,-1.642605170716265806e-26
2.105508422851562500e+01,3.654846549034118652e-02,1.000427341461181641e+01,6.693174036889074996e-04,4.025621216760271503e-08,2.076448355522035908e-11,5.729730293986821072e-13,-1.972877767902259531e-24,-1.147584007491582579e-16,-1.169455918864544359e-25
2.405270385742187500e+01,3.680865094065666199e-02,1.000758266448974609e+01,6.667007312397084298e-04,3.889743715254687956e-08,1.920120642664414414e-11,4.686406612139593090e-13,-1.404540816014815256e-24,-9.240953421560363257e-17,-5.953850502373735087e-26
2.705291557312011719e+01,3.964705020189285278e-02,1.001375770568847656e+01,6.658046007821500321e-04,3.752598955816880606e-08,1.947863768534574801e-11,4.636014842662462596e-13,-1.392885680919147677e-24,-8.980215949520120677e-17,2.691134619393914340e-26
3.005390167236328125e+01,4.076569527387619019e-02,9.994560241699218750e+00,6.668328579234353249e-04,3.855648398810122531e-08,1.961786453446394460e-11,4.926127112023366942e-13,-1.520063145136426039e-24,-9.594604417532612438e-17,1.858680981175892821e-25
3.306610870361328125e+01,4.440698027610778809e-02,9.991674423217773438e+00,6.615247763688325349e-04,3.383617596122665910e-08,1.662577519599730121e-11,3.729679247598162536e-13,-9.286977086924449507e-25,-6.858659673238843639e-17,-9.723767944754078962e-27
3.606443405151367188e+01,4.746039956808090210e-02,9.993763923645019531e+00,6.635957292952108155e-04,3.511942175929641121e-08,1.813083986784446830e-11,4.323569038689180146e-13,-1.207744102478077359e-24,-8.091565860525671627e-17,-8.195626494045641628e-26
3.906262207031250000e+01,4.999344050884246826e-02,1.000365638732910156e+01,6.595109857991459604e-04,3.238665794784679270e-08,1.547563556993448765e-11,3.248331309472952444e-13,-7.276496364590397240e-25,-5.839515960412708423e-17,-3.094639665475955912e-26
4.206986618041992188e+01,5.451564490795135498e-02,9.986265182495117188e+00,6.568306412953517403e-04,3.012215328622164681e-08,1.362444444559681642e-11,2.698130799292030424e-13,-5.173134857833029967e-25,-4.682801490611187159e-17,-3.515135488459681551e-28
4.505640029907226562e+01,4.381158202886581421e-02,9.991472244262695312e+00,6.556848365382543769e-04,2.952904506543044673e-08,1.268095439321132075e-11,2.435402564789712441e-13,-4.278510076429202562e-25,-4.184453873323186958e-17,1.084800159311733684e-26
4.805596923828125000e+01,4.573230445384979248e-02,1.000065135955810547e+01,6.519650246879437564e-04,2.576431947945361036e-08,1.114253795327272831e-11,1.972802703104868755e-13,-2.922461023874863064e-25,-3.164402116595119516e-17,-1.204925269253808133e-26
5.104697418212890625e+01,3.720101714134216309e-02,1.000567054748535156e+01,6.491706781654999056e-04,2.340212337283190097e-08,9.664619936092644715e-12,1.550798784156454248e-13,-1.898563312957332014e-25,-2.372349105704819729e-17,2.832252565268215628e-28
5.403007507324218750e+01,3.329228982329368591e-02,9.995409011840820312e+00,6.457595494652744765e-04,2.026417704051959336e-08,8.314623851283811945e-12,1.154155376963087565e-13,-1.128558199286461305e-25,-1.639803333661609968e-17,-6.829499880670506252e-27
5.969088554382324219e+00,5.374049767851829529e-02,1.497640514373779297e+01,6.693359347591388685e-04,4.090964428525167854e-08,1.995240148740479843e-11,5.619543405434144907e-13,-1.733582675060205470e-24,-1.070315661022949411e-16,-7.317551368025178682e-25
9.042282104492187500e+00,2.390679717063903809e-02,1.499175930023193359e+01,6.658180612832955911e-04,3.832771415293782611e-08,1.865546072488133772e-11,4.384687469041964689e-13,-1.247782495315800962e-24,-8.565330830018389912e-17,-1.251080167920700900e-25
1.205016231536865234e+01,1.640842482447624207e-02,1.500286960601806641e+01,6.614505890448799889e-04,3.513931146611975370e-08,1.545489175868808517e-11,3.360072272532458578e-13,-7.654357635132262711e-25,-6.298073808994494922e-17,-1.992981537433037500e-26
1.504968833923339844e+01,1.578290015459060669e-02,1.499448394775390625e+01,6.634555167131601840e-04,3.559791823997607325e-08,1.694495571201459127e-11,4.133621875752271070e-13,-1.093986787579161320e-24,-7.798640029315368518e-17,-4.846939731304381930e-27
1.805683708190917969e+01,1.995109766721725464e-02,1.497747135162353516e+01,6.638488209569565809e-04,3.576600989691546893e-08,1.881448281478897842e-11,4.256924261427200905e-13,-1.204687827399288870e-24,-8.050640287067790751e-17,1.017991908064873498e-26
2.106445121765136719e+01,1.722812652587890625e-02,1.499748039245605469e+01,6.584259185205707183e-04,3.090488392038118652e-08,1.501373334352711137e-11,3.185500960330981536e-13,-6.964320259673227457e-25,-5.597935157346172062e-17,1.718798697419910427e-26
2.406603050231933594e+01,2.517640776932239532e-02,1.500572776794433594e+01,6.604462398595434399e-04,3.251825215996245797e-08,1.658514646870455277e-11,3.585366108739408003e-13,-8.721927067732790664e-25,-6.441235817109588137e-17,6.064984069112088471e-26
2.706886100769042969e+01,2.591485530138015747e-02,1.500642395019531250e+01,6.549613057969812897e-04,2.850252807423475724e-08,1.268646532629413971e-11,2.420523023337373531e-13,-4.203941697095523179e-25,-4.062696879360900490e-17,5.642802574706812951e-26
3.007057571411132812e+01,2.643021941184997559e-02,1.500386333465576172e+01,6.533028447873472002e-04,2.723898980945850589e-08,1.152921422742819265e-11,2.102632358586148482e-13,-3.251640590338023639e-25,-3.454230670817827189e-17,3.797905741272513513e-26
3.307792663574218750e+01,2.839992754161357880e-02,1.500240612030029297e+01,6.557628084001550315e-04,2.962542845763371305e-08,1.274418355303231564e-11,2.497986907739920277e-13,-4.442110743737442288e-25,-4.282609606538733009e-17,-3.638325630611522394e-26
3.607184982299804688e+01,3.467611968517303467e-02,1.500224781036376953e+01,6.496700768303528221e-04,2.406574939650219871e-08,9.761683622454242345e-12,1.601128768507562430e-13,-1.974386937036236400e-25,-2.455799351648593636e-17,-3.296212266988374775e-26
3.907114410400390625e+01,3.622447699308395386e-02,1.498698139190673828e+01,6.486036389801647702e-04,2.308173127977134100e-08,9.310230097138326726e-12,1.452960925858448817e-13,-1.689894922679193067e-25,-2.207405374860413926e-17,4.304246397690233242e-28
4.208163070678710938e+01,3.682304173707962036e-02,1.499750232696533203e+01,6.462108177123715913e-04,2.068808445111589740e-08,8.488627320720317377e-12,1.216494665604157479e-13,-1.220169320163753175e-25,-1.733115354901435881e-17,-1.983538429283105637e-26
4.508008575439453125e+01,3.570194914937019348e-02,1.500405025482177734e+01,6.431601734228553288e-04,1.752342627932448762e-08,7.569978782383465161e-12,9.359180787904020690e-14,-7.824181152162302250e-26,-1.231029040867221783e-17,-9.174284282212412571e-27
4.808595657348632812e+01,4.307134076952934265e-02,1.498607444763183594e+01,6.404165677082475881e-04,1.539170344160062481e-08,5.910145844612243739e-12,6.512960595549464262e-14,-4.019688019349117632e-26,-8.046260410471410228e-18,-4.124672308639027634e-27
5.107995605468750000e+01,3.157482296228408813e-02,1.500070762634277344e+01,6.373868296528934635e-04,1.207757134427598679e-08,5.324703990023265183e-12,4.759786137309580462e-14,-2.375631638616952287e-26,-5.193120289233626825e-18,-3.135329856411959773e-27
5.407858276367187500e+01,3.312304615974426270e-02,1.500071811676025391e+01,6.339850483241199833e-04,8.898894365782741133e-09,3.950213349584506030e-12,2.726617627257550693e-14,-8.867186655337270742e-27,-2.548548464397509968e-18,-1.203047026823372766e-27

