5.080945968627929688e+00,1.906825229525566101e-02,8.983983039855957031e+00,6.735746777018410689e-04,4.476080644623591952e-08,2.368257722627442992e-11,6.341155982816781979e-13,-2.429485977290440293e-24,-1.327632011331463321e-16,-3.690124582470996013e-25
1.007069015502929688e+01,-9.384877979755401611e-03,9.006525993347167969e+00,6.702110210511217671e-04,4.086554144391967692e-08,2.298056972774019041e-11,5.886666624373917040e-13,-2.140942517949782438e-24,-1.178004758375400814e-16,-3.227469230547097619e-25
1.506488990783691406e+01,-2.041952311992645264e-02,8.996229171752929688e+00,6.742831226649557974e-04,4.501698696501553869e-08,2.341490395224543204e-11,6.877160099539094405e-13,-2.741100399023525099e-24,-1.449971122951736136e-16,-3.197549237239504096e-25
2.006777954101562500e+01,-2.833043038845062256e-02,8.989871978759765625e+00,6.766546124874750750e-04,4.698677788670380237e-08,2.536625760504725579e-11,7.646428736474258116e-13,-3.301452151904063045e-24,-1.626828991072995671e-16,-6.640159080529205007e-25
3.003406524658203125e+01,-3.334420919418334961e-02,9.014271736145019531e+00,6.715890831313563961e-04,4.409595881123638838e-08,2.026767244701214650e-11,5.726598550623444599e-13,-1.946503151876078639e-24,-1.200160932964756950e-16,-1.317091253987856114e-25
3.507230758666992188e+01,-1.638383418321609497e-02,9.008624076843261719e+00,6.657131405458956283e-04,3.789310234561979007e-08,1.875769923415594334e-11,4.546422996448318835e-13,-1.325732752135341598e-24,-8.842721482823673993e-17,7.194462682795246115e-26
4.007670974731445312e+01,-1.902467757463455200e-02,8.998293876647949219e+00,6.645937746014947065e-04,3.693998191064040581e-08,1.777178751747323231e-11,4.264085889366449453e-13,-1.173814606442248700e-24,-8.194888242087298344e-17,-5.611446286328353965e-27
4.508097076416015625e+01,-1.790104061365127563e-02,8.995209693908691406e+00,6.579683905578358411e-04,3.158664333060458152e-08,1.369626635017912507e-11,2.839503509653340797e-13,-5.597599446808688336e-25,-5.043165017851717602e-17,1.533407926898235442e-26
5.008975601196289062e+01,-8.262731134891510010e-03,8.992168426513671875e+00,6.546847396200938980e-04,2.797618228561887813e-08,1.293038733084354056e-11,2.435281912018194246e-13,-4.321347225132600800e-25,-4.073254102461361690e-17,-3.000404345033084397e-27
5.508465957641601562e+01,-1.003298163414001465e-02,9.001350402832031250e+00,6.483199296806658497e-04,2.269782638548372479e-08,9.296848734794476384e-12,1.435805330072742354e-13,-1.657094886468880478e-25,-2.160767368056512980e-17,-7.662837007183304860e-27
5.502777862548828125e+01,1.010053977370262146e-01,1.199109649658203125e+01,6.394825624315716127e-04,1.431978008838176644e-08,5.742692340183849471e-12,5.987148014370834355e-14,-3.499053047117585307e-26,-7.139893556480748440e-18,-2.851393419144901198e-27
4.998082733154296875e+01,2.162929177284240723e-01,1.195910263061523438e+01,6.447873493990988105e-04,1.945050029198099462e-08,7.804560097957160019e-12,1.040995716278762437e-13,-9.371235951354616385e-26,-1.449288717895031331e-17,-4.722527800647835798e-27
4.497971725463867188e+01,2.250954508781433105e-01,1.200137710571289062e+01,6.503677576380574371e-04,2.431415120696915590e-08,1.057859214806893120e-11,1.747952667604337196e-13,-2.363172781374715476e-25,-2.710706778805090408e-17,-2.549582596027176207e-26
3.998258972167968750e+01,2.244079113006591797e-01,1.200123023986816406e+01,6.546138707838714032e-04,2.809426605423916125e-08,1.302638425366125094e-11,2.377890824833482696e-13,-4.184164597860349115e-25,-3.985156421742136578e-17,-8.568675594747453983e-27
3.498456954956054688e+01,2.291293740272521973e-01,1.198724174499511719e+01,6.569042957304332356e-04,3.012092356951871635e-08,1.354807859308090414e-11,2.735657939988779768e-13,-5.266614499309118285e-25,-4.747455949244226165e-17,1.298806987207386995e-28
2.999061393737792969e+01,2.332624495029449463e-01,1.196936893463134766e+01,6.607304301456141124e-04,3.354289439504472234e-08,1.580657152574648106e-11,3.454723557875897183e-13,-8.065652437158092407e-25,-6.318204009359506835e-17,-3.460236055804155512e-26
2.003041076660156250e+01,2.717552781105041504e-01,1.199700927734375000e+01,6.593690055387119945e-04,3.042946872905971144e-08,1.708999071783738126e-11,3.614970768017943071e-13,-8.979175420366806078e-25,-6.301028498337315187e-17,3.291774729926613287e-26
1.497790336608886719e+01,2.088192701339721680e-01,1.198926925659179688e+01,6.644131097610173151e-04,3.515898059776894944e-08,1.965153498483539682e-11,4.660180102724316215e-13,-1.408300036927955159e-24,-8.727312783099013789e-17,-7.451642346953579382e-26
9.958621978759765625e+00,2.060381472110748291e-01,1.200312709808349609e+01,6.713713814485210239e-04,4.077852356589254854e-08,2.479816822567901444e-11,6.477801966251783334e-13,-2.592785646865900466e-24,-1.306907447560790052e-16,-1.346306032847430173e-25
4.955439567565917969e+00,1.937483549118041992e-01,1.199469470977783203e+01,6.734728744998281754e-04,4.213002765048135999e-08,2.566275917379202462e-11,7.544882602602591060e-13,-3.254602650829367722e-24,-1.524680342478105505e-16,-6.554172533228639610e-25
4.994745731353759766e+00,9.483334422111511230e-02,1.496840095520019531e+01,6.711567575786171443e-04,4.133488789949214573e-08,2.394738349327701252e-11,6.447591721126640732e-13,-2.396281712834479502e-24,-1.250541759574660628e-16,-8.225489864070654276e-25
1.005493927001953125e+01,-7.650293409824371338e-03,1.498952102661132812e+01,6.643329066216812750e-04,3.768135279931159219e-08,1.764814688350895078e-11,3.959965443065537157e-13,-1.033805847601891472e-24,-7.617145620774648719e-17,-1.647769770456975526e-25
1.505622863769531250e+01,-1.307871937751770020e-02,1.499309635162353516e+01,6.624671252780800360e-04,3.481848199944144393e-08,1.706039998382867586e-11,3.892036268296261960e-13,-9.725368320184605136e-25,-7.025803239668933720e-17,-2.449308736737966721e-25
2.003839111328125000e+01,-1.845291256904602051e-02,1.498155498504638672e+01,6.596655076036034987e-04,3.275509135981707843e-08,1.553695339349222549e-11,3.182945263585400888e-13,-6.982056988597759985e-25,-5.676481294290584988e-17,-1.163050024261896041e-25
2.998259353637695312e+01,-3.642261028289794922e-02,1.500992107391357422e+01,6.545747944835358153e-04,2.883052229078724298e-08,1.157608921455975016e-11,2.207659799248356610e-13,-3.511136105661333487e-25,-3.725488540755390261e-17,-3.568493080127944727e-26
3.502287673950195312e+01,-1.836993545293807983e-02,1.498809623718261719e+01,6.506770274753404752e-04,2.488833655241693390e-08,1.044509735332691121e-11,1.760068866541963579e-13,-2.364535243785776232e-25,-2.752491562036106115e-17,-3.226060468882400477e-26
4.002873611450195312e+01,-2.298194169998168945e-02,1.499899768829345703e+01,6.493301092863606062e-04,2.348731356041504136e-08,1.006852212931922496e-11,1.578395339396553290e-13,-1.980990605033579423e-25,-2.411124318083180309e-17,-1.868898114365178597e-26
4.502252197265625000e+01,-3.208404034376144409e-02,1.499910259246826172e+01,6.428194446028692634e-04,1.736480358365258564e-08,7.372632597881020700e-12,8.921311715317892144e-14,-7.230908460075132339e-26,-1.174525065673633013e-17,-2.510067132867022334e-27
5.001544952392578125e+01,-3.154054284095764160e-02,1.500662517547607422e+01,6.388352163341137410e-04,1.343004428859893922e-08,5.946620905402720956e-12,5.801808032892087477e-14,-3.387212317868490825e-26,-6.696065820274068582e-18,-3.744565116852922445e-27
5.500423431396484375e+01,-2.940852940082550049e-02,1.497230625152587891e+01,6.332246855743311857e-04,8.097061563422860219e-09,3.803507958375924097e-12,2.381773396659821944e-14,-7.137403456826430332e-27,-2.137993923911070760e-18,-6.695550599259076199e-28
5.492758941650390625e+01,3.634678199887275696e-02,1.795899963378906250e+01,6.290847112988004822e-04,3.999372645842969536e-09,2.486017082866384501e-12,8.721495606212212007e-15,-1.283898274135430704e-27,-5.509814272227660659e-19,2.862170283739653094e-29
4.984880828857421875e+01,9.705802798271179199e-02,1.797956085205078125e+01,6.335645930947181748e-04,8.403324139233826571e-09,3.826678446855355692e-12,2.608920770153098002e-14,-8.211520450120676780e-27,-2.380149936676943761e-18,-7.233996308432323005e-28
4.484700012207031250e+01,9.673218429088592529e-02,1.799838066101074219e+01,6.378183585399596145e-04,1.247174337718213681e-08,5.396449331874438877e-12,5.061121795920963712e-14,-2.641926250296494868e-26,-5.642047150325765388e-18,-1.272959131355412674e-27
3.984685516357421875e+01,9.641008079051971436e-02,1.798450469970703125e+01,6.428148116562914550e-04,1.745287077514193817e-08,7.227525392133117537e-12,8.848529724173779555e-14,-7.012765557070410159e-26,-1.161796319230893872e-17,-9.455395617130677925e-27
3.483703231811523438e+01,8.237446844577789307e-02,1.799495506286621094e+01,6.458704191487484730e-04,2.011460223524988230e-08,9.005167315088569388e-12,1.219397955364927413e-13,-1.268058280063514396e-25,-1.716319353348725692e-17,-1.575121735823883026e-26
2.983606719970703125e+01,8.386454731225967407e-02,1.799823570251464844e+01,6.488710199138753194e-04,2.343073171135926968e-08,9.312928809820954354e-12,1.486172259858581943e-13,-1.732693003246974637e-25,-2.257713719648685681e-17,-2.340148842205796663e-26
1.989419746398925781e+01,8.945105969905853271e-02,1.801018524169921875e+01,6.531005211820079155e-04,2.712442263267619938e-08,1.151824410298300105e-11,2.090505566333609502e-13,-3.219419079746534076e-25,-3.422952089177382287e-17,-3.979416673261440554e-26
1.484961795806884766e+01,7.106582820415496826e-02,1.801495361328125000e+01,6.548904381963648134e-04,2.767205543344155793e-08,1.402134857799008445e-11,2.537977512356140179e-13,-4.730411670524486588e-25,-4.168314862309916342e-17,-7.384012598949266450e-26
9.824546813964843750e+00,6.711451709270477295e-02,1.799201774597167969e+01,6.593312005258984915e-04,3.237567269622660529e-08,1.523863699082845610e-11,3.168220411540205978e-13,-6.687930345351417333e-25,-5.537749366280998458e-17,-1.931988144546704864e-25
4.821191787719726562e+00,6.503937393426895142e-02,1.800738143920898438e+01,6.615269118076632900e-04,3.558725943751311022e-08,1.560015473799580979e-11,3.329160377512657983e-13,-7.265074700735332163e-25,-6.093459427554941225e-17,-2.186393413825230890e-25
4.867380619049072266e+00,9.973421692848205566e-03,2.092821502685546875e+01,6.567697064227516479e-04,2.967760134210571971e-08,1.391999246307680070e-11,2.894205934215599024e-13,-5.739038869014035941e-25,-4.933785280718678993e-17,-8.999001947884874395e-26
9.947519302368164062e+00,-5.451153963804244995e-02,2.096907806396484375e+01,6.601266443972935837e-04,3.297209824786684489e-08,1.593259713653117819e-11,3.434665769659064451e-13,-7.727044200335680668e-25,-5.989333687245850085e-17,-2.202111363691379840e-25
1.494807338714599609e+01,-5.813068896532058716e-02,2.098972320556640625e+01,6.550735712829901464e-04,2.963487172269732395e-08,1.234356163179698963e-11,2.265844880495793698e-13,-3.696006024838429100e-25,-3.815473174877683145e-17,-8.359215940944672650e-26
1.993902015686035156e+01,-6.463664770126342773e-02,2.100105857849121094e+01,6.483081449186356860e-04,2.165734797980364590e-08,1.113998513289862497e-11,1.607737987212609690e-13,-2.081873468063000114e-25,-2.306244536684195860e-17,-5.433818882357506498e-26
2.986187553405761719e+01,-7.704385370016098022e-02,2.101140785217285156e+01,6.452352033728598647e-04,1.901881164710549994e-08,9.079094240349681096e-12,1.241241316705943733e-13,-1.279977275405796073e-25,-1.655892599627301912e-17,-3.128960180259018469e-26
3.491714859008789062e+01,-6.681505590677261353e-02,2.097251892089843750e+01,6.408974094558070149e-04,1.592208614248759736e-08,6.075947516408458639e-12,6.748004287532556227e-14,-4.317737703555386044e-26,-8.504940084223713517e-18,-1.641895955960121544e-27
3.993518829345703125e+01,-5.902595818042755127e-02,2.100489425659179688e+01,6.384302633281088279e-04,1.334584901279734504e-08,5.203789504903281604e-12,5.210583329714077117e-14,-2.712974854889221768e-26,-6.018949027811011141e-18,3.844905778014627761e-28
4.494933700561523438e+01,-4.554245620965957642e-02,2.097906112670898438e+01,6.334487792721043078e-04,8.619922292395944168e-09,3.471740217519722554e-12,2.336693245670641973e-14,-6.653967861456098175e-27,-2.169223755768586913e-18,1.395326836417762442e-28
4.995295333862304688e+01,-4.897524416446685791e-02,2.099378776550292969e+01,6.293571898226419650e-04,4.138926746327238355e-09,2.740881139421479756e-12,9.793968026167032571e-15,-1.594280084936094165e-27,-6.245877299564434352e-19,1.822247997210944280e-28
5.496520233154296875e+01,-4.392282664775848389e-02,2.099669647216796875e+01,6.262121515729677330e-04,1.234219107668808857e-09,1.487533513081754986e-12,2.168349999229130075e-15,-1.095908885036258257e-28,-6.618277989575749008e-20,5.617182151738100100e-29
