5.146121501922607422e+00,-8.395579457283020020e-02,5.990894317626953125e+00,8.337730574971037589e-04,2.795100426681241698e-07,3.214701337165966040e-12,2.423227795231546114e-13,-2.056718197276632856e-25,-1.265352835729010150e-16,-5.866827904826975717e-26
1.503035259246826172e+01,-1.061717271804809570e-01,6.012729167938232422e+00,6.810838420054088349e-04,5.241924129554465325e-08,2.709644645092103420e-11,8.364844511790999494e-13,-3.971021816326012674e-24,-1.913391147993003560e-16,3.005938656789918158e-25
2.503921699523925781e+01,-8.347024023532867432e-02,5.996861934661865234e+00,6.833800683111438843e-04,5.360444864350501060e-08,2.938017179369541863e-11,9.338433301601246082e-13,-4.880008424331337640e-24,-2.161315915228949996e-16,-3.344617335211827434e-25
3.504323196411132812e+01,-7.923057675361633301e-02,6.007600307464599609e+00,6.755178137330284868e-04,4.762725275538136302e-08,2.232689620824225738e-11,6.619867278176576900e-13,-2.536613120248698946e-24,-1.438830071543682698e-16,-2.064660546621269547e-25
4.502766799926757812e+01,-7.231752574443817139e-02,5.996686458587646484e+00,6.712243511138980432e-04,4.441213934679396524e-08,1.993544102330032025e-11,5.327416242245383089e-13,-1.736123676774639429e-24,-1.122709694443138759e-16,1.000379941206149503e-26
5.503482818603515625e+01,-5.802499875426292419e-02,6.015010356903076172e+00,6.623662213097406687e-04,3.564387519839475809e-08,1.581751833303258743e-11,3.627776779218069677e-13,-8.679253621008538410e-25,-6.842409158583874662e-17,-4.361363355932189171e-26
3.694715118408203125e+01,-1.293140500783920288e-01,7.343595504760742188e+00,6.739504974466895091e-04,4.658726864638349950e-08,2.161980891979756783e-11,6.087396794961944461e-13,-2.198374250785377446e-24,-1.309614791085964875e-16,-2.099582932187415463e-25
1.353034782409667969e+01,3.041645288467407227e-01,8.735550880432128906e+00,6.703019423917647678e-04,3.963304018023545018e-08,2.462437833757282338e-11,6.279398902562233400e-13,-2.395401872379858439e-24,-1.226205076717453640e-16,-5.992463400463120718e-25
2.503727149963378906e+01,-5.060806497931480408e-02,9.003146171569824219e+00,6.724489764414238882e-04,4.325662228383393799e-08,2.333833859250636170e-11,6.322629797515231204e-13,-2.423260702126437144e-24,-1.312000610986337450e-16,-1.630985323344702447e-25
3.502692413330078125e+01,-4.147401079535484314e-02,9.001358985900878906e+00,6.671883542605602140e-04,4.097004772117419504e-08,1.723085622843165630e-11,4.345302107819343454e-13,-1.182565416116485295e-24,-8.751761932334883908e-17,-1.235720715141025651e-25
4.503610992431640625e+01,-2.987089753150939941e-02,9.011585235595703125e+00,6.605950890236695532e-04,3.510462653111069040e-08,1.364503954152592431e-11,3.033255936719734644e-13,-6.146436048634703031e-25,-5.666695284788171639e-17,-5.493311747802802911e-26
5.504254531860351562e+01,-2.574289217591285706e-02,9.018973350524902344e+00,6.490071500908644892e-04,2.334986320192081269e-08,9.495810665997023255e-12,1.520145075770495339e-13,-1.821378029744218255e-25,-2.316860431443914918e-17,-1.352161258871921072e-26
3.733499526977539062e+01,-1.016416400671005249e-01,1.030558776855468750e+01,6.638307021761248811e-04,3.705947803196988351e-08,1.658499626936060447e-11,3.919537023470508996e-13,-9.973610965279071110e-25,-7.535354469306973711e-17,-6.273376801243963287e-26
1.296414852142333984e+01,2.754088938236236572e-01,1.158943653106689453e+01,1.012803350223867105e-03,6.129946550138319257e-07,4.636329852687829505e-12,4.845774596814757571e-13,-4.320782866290272271e-25,-2.637143751014006253e-16,5.838310969804074027e-25
2.506550788879394531e+01,-5.410936102271080017e-02,1.199882221221923828e+01,6.659914076603147938e-04,3.791669622913690148e-08,1.875457803392086373e-11,4.704191709588382557e-13,-1.385388603043472612e-24,-9.061431381260328113e-17,-1.818498125471253315e-25
3.507849121093750000e+01,-2.959229052066802979e-02,1.201278972625732422e+01,6.580541084820908625e-04,3.144183910112591646e-08,1.428052448385622496e-11,2.864147189654528686e-13,-5.790218504211799959e-25,-5.078256280623771114e-17,1.621016184393881531e-26
4.498166275024414062e+01,2.599863894283771515e-02,1.200408649444580078e+01,6.509363224871958726e-04,2.522769949374008024e-08,1.031100941016139741e-11,1.749361719011508488e-13,-2.329655817735391979e-25,-2.758079064209301862e-17,-3.044930095117961646e-26
5.500037765502929688e+01,2.585795894265174866e-02,1.201952838897705078e+01,6.389757349114664944e-04,1.361301003465507661e-08,5.817750739608963156e-12,5.843429349950113396e-14,-3.397685627711531749e-26,-6.800583589875010957e-18,-2.525111187835636450e-27
3.748357772827148438e+01,-3.099056705832481384e-02,1.331540679931640625e+01,6.562479384168257938e-04,3.074212216428895281e-08,1.211135189600764263e-11,2.372429242534486754e-13,-3.987904710530186682e-25,-4.128739069597863173e-17,-5.185940849677989446e-26
1.262597084045410156e+01,2.734073698520660400e-01,1.452294445037841797e+01,6.602953348388798009e-04,3.036495698386403934e-08,1.894631889559548393e-11,4.119530334766539469e-13,-1.143596661294027459e-24,-7.131807715012423312e-17,1.293656091843147505e-25
2.507797622680664062e+01,-3.817141428589820862e-02,1.500312900543212891e+01,6.564368622190044607e-04,3.017980367848268461e-08,1.263526880373504707e-11,2.546077768039399969e-13,-4.493080635972345788e-25,-4.354561468152216696e-17,-8.165242755894393034e-26
3.500505065917968750e+01,3.737010061740875244e-02,1.500250339508056641e+01,6.520045040456076343e-04,2.628288388226184188e-08,1.076760250038661738e-11,1.886810627365409569e-13,-2.688641604684913905e-25,-3.057548014197337029e-17,-6.296569960064133560e-27
4.500122070312500000e+01,5.654359236359596252e-02,1.497807502746582031e+01,6.436014967886688433e-04,1.836719064443212522e-08,7.030751729265290480e-12,9.323968498533145529e-14,-7.486426260436875477e-26,-1.256269553245008769e-17,-9.716703827361090864e-27
5.498609924316406250e+01,5.308518558740615845e-02,1.502610778808593750e+01,6.314118214525526974e-04,5.934703952633756106e-09,3.526792901820216813e-12,1.835043506103972750e-14,-4.614545059022376065e-27,-1.398585227964555446e-18,-7.064531129539975129e-28
3.751616668701171875e+01,-5.613132193684577942e-02,1.631921005249023438e+01,6.470389251997095501e-04,2.203962424745996093e-08,8.097607109257743829e-12,1.212247348710571125e-13,-1.193697076361629335e-25,-1.784696589127313675e-17,-1.327998937064257158e-26
1.245100975036621094e+01,2.798165678977966309e-01,1.761697196960449219e+01,6.535402645080783980e-04,2.542427955316126807e-08,1.442689657586020957e-11,2.586058095944748362e-13,-4.921608021930942296e-25,-4.049020356988131214e-17,-8.536759433316046352e-26
2.505336761474609375e+01,-5.596790835261344910e-02,1.794856643676757812e+01,6.541632535644355392e-04,2.763669953337736281e-08,1.319805941395786147e-11,2.358483548690491900e-13,-4.116164609256205464e-25,-3.874545484014196560e-17,-6.096197228197462241e-26
3.500121307373046875e+01,-2.422502636909484863e-02,1.801877975463867188e+01,6.457561933895507268e-04,2.016601763197740855e-08,8.363459297207072310e-12,1.189918924309636927e-13,-1.158358402196683619e-25,-1.657018423333194091e-17,-2.594101702233108202e-26
4.502075195312500000e+01,-4.594700410962104797e-02,1.800057792663574219e+01,6.378021773397470843e-04,1.254855179260971509e-08,5.331677225756555797e-12,4.953917157937009498e-14,-2.545943865645549773e-26,-5.548944338933117152e-18,-1.361590708767759468e-28
5.499722290039062500e+01,-4.861276969313621521e-02,1.801097488403320312e+01,6.278659408433139759e-04,2.463599387977064903e-09,2.475884237107338182e-12,6.063766963813876706e-15,-7.421908441656389156e-28,-3.005161630854387396e-19,3.430163434736637311e-29
3.755089950561523438e+01,-1.708638817071914673e-01,1.928434753417968750e+01,6.426095007578179561e-04,1.675712070901910709e-08,7.665316534062431969e-12,9.143790288612384371e-14,-7.592525830385675908e-26,-1.176917572490868696e-17,-9.772764776569381475e-27
1.399542713165283203e+01,2.781193256378173828e-01,2.072229003906250000e+01,6.533378854116970134e-04,2.697509349464879991e-08,1.193852395830080487e-11,2.164813255719948735e-13,-3.468920588942122876e-25,-3.538113516909791897e-17,-2.801443731861849307e-26
2.500242042541503906e+01,-6.544473767280578613e-02,2.097976875305175781e+01,6.490230494142629203e-04,2.290788605540266396e-08,1.031438794519631587e-11,1.637614682918571680e-13,-2.128238154420614409e-25,-2.478513684013129899e-17,-1.995599870729889702e-27
3.495790863037109375e+01,-4.724647477269172668e-02,2.102033996582031250e+01,6.413421138096169361e-04,1.611883229084296645e-08,6.588750883562133870e-12,7.265089305305966341e-14,-4.965948407272824231e-26,-9.115739727312006193e-18,-7.776526579309397078e-27
4.496306228637695312e+01,-6.362460553646087646e-02,2.099964332580566406e+01,6.325410553746624569e-04,7.338137371160877393e-09,3.536413716937125241e-12,2.163706320403684581e-14,-5.927183465323266517e-27,-1.835687107688038860e-18,8.313667782263108905e-28
5.497131347656250000e+01,-6.275364756584167480e-02,2.099688720703125000e+01,7.183762376572142829e-04,8.955815910170616563e-08,4.842027907612130756e-11,2.155517920472354318e-12,-2.196025815675768105e-23,-6.439553760571674481e-16,1.637247138069123486e-24
