2.336179018020629883e-01,-9.363044798374176025e-02,1.180218791961669922e+01,6.864670760246935517e-04,5.413439661911013953e-08,3.378096810919729694e-11,1.147079018121726875e-12,-6.994286813629762845e-24,-2.616513647698330404e-16,-1.437389258715623930e-24
5.042829990386962891e+00,-5.752854049205780029e-03,1.200339794158935547e+01,6.823077103155981678e-04,5.336863559109639592e-08,2.803177443021836416e-11,9.159382307067035142e-13,-4.428321980591156197e-24,-2.035344244602933106e-16,-1.389293193153623001e-24
1.004848766326904297e+01,-1.859031617641448975e-03,1.199913978576660156e+01,6.845655005816809677e-04,5.192626905569794941e-08,3.438432211393156878e-11,1.103647944599879685e-12,-6.797869590789929221e-24,-2.514314789382367618e-16,-1.064515816251200626e-25
1.505918407440185547e+01,-5.012616515159606934e-03,1.199126052856445312e+01,6.748353874929456479e-04,4.313305661767330408e-08,2.856795957886425535e-11,7.395962470174855494e-13,-3.399207882745404931e-24,-1.535924459701314782e-16,-5.357470061689179361e-26
2.006133842468261719e+01,-9.069025516510009766e-03,1.199104881286621094e+01,6.669269819727098288e-04,3.739484714392776482e-08,2.177730788886115500e-11,5.318752965731921299e-13,-1.793723553855462603e-24,-1.014137023429564100e-16,2.433781891911051399e-25
2.505516624450683594e+01,-1.221815496683120728e-02,1.200694751739501953e+01,6.703225383871631903e-04,4.241208640051464261e-08,2.095021291895370910e-11,5.534389244197068479e-13,-1.825369829481131088e-24,-1.117440787306717222e-16,4.684103370153772094e-25
3.006898880004882812e+01,-4.874870181083679199e-03,1.200125122070312500e+01,6.715116219684269180e-04,4.215809842733197078e-08,2.367973200137867386e-11,6.135722573734066618e-13,-2.291392608752613592e-24,-1.242350947665242338e-16,-4.683493909165350903e-25
3.505558013916015625e+01,-1.074837893247604370e-02,1.200299549102783203e+01,6.688436288031407613e-04,4.086519710052273574e-08,2.038835296158634887e-11,5.097120140544733163e-13,-1.643077334939404438e-24,-1.030383992198183137e-16,-1.591506130915425476e-26
4.007081985473632812e+01,-5.460575222969055176e-03,1.201559352874755859e+01,6.689127244668914476e-04,4.045614936907004242e-08,1.984923973303571814e-11,5.444865811035425641e-13,-1.787859540803158329e-24,-1.094608311458206066e-16,8.748443763988239784e-26
4.505846405029296875e+01,-1.081176102161407471e-02,1.199378776550292969e+01,6.637393344365241513e-04,3.632541904241255490e-08,1.737614331826679325e-11,4.113001251875081687e-13,-1.093374004608562200e-24,-7.807682492710105152e-17,-1.163758884247624947e-25
5.007178497314453125e+01,5.725249648094177246e-04,1.198394012451171875e+01,6.604328831923474575e-04,3.331065758024736671e-08,1.565001514363533271e-11,3.352724032217084077e-13,-7.674799308931819007e-25,-6.109978507794648186e-17,-2.791406912578784458e-26
5.506123733520507812e+01,-5.820468068122863770e-04,1.199749374389648438e+01,6.569677967977130420e-04,3.068597011949746067e-08,1.340737537740903421e-11,2.627224470629269273e-13,-4.921535289574409220e-25,-4.591690156725165971e-17,-3.021738565352747653e-26
6.005970764160156250e+01,5.115311592817306519e-03,1.199588680267333984e+01,6.546410041202779806e-04,2.859582043230067410e-08,1.189333534568675235e-11,2.273979064310681634e-13,-3.738382960779230282e-25,-3.840144684075802302e-17,-9.752694959540104350e-27
4.998478698730468750e+01,2.802653312683105469e-01,1.498851203918457031e+01,6.544445607506560979e-04,2.694998765504027616e-08,1.347041767876808975e-11,2.557776396070713037e-13,-4.747566909560999409e-25,-4.198891104172057226e-17,-3.715549211204108015e-27
4.496010589599609375e+01,2.412253916263580322e-01,1.496652507781982422e+01,6.587435951042998686e-04,3.261806193631113731e-08,1.367525085364966142e-11,2.923845625319002431e-13,-5.839083656357318284e-25,-5.273389493778888557e-17,-2.952836285726400520e-26
3.994550704956054688e+01,2.312288135290145874e-01,1.499570846557617188e+01,6.596823707935011317e-04,3.159134021863219106e-08,1.730475448782326073e-11,3.498626428198778578e-13,-8.608018935338304507e-25,-6.217903355605057952e-17,9.395153522486105853e-27
2.997299957275390625e+01,2.624648213386535645e-01,1.500342559814453125e+01,6.609694081336569367e-04,3.416308930683925166e-08,1.520569065053967757e-11,3.454896918208009482e-13,-7.818292951253031549e-25,-6.317668258525831550e-17,1.257232067616646017e-25
3.505649948120117188e+01,4.422698169946670532e-03,1.500064563751220703e+01,6.614522032949205930e-04,3.333731884436148289e-08,1.776870306999402467e-11,3.757174631184217514e-13,-9.619865723746034908e-25,-6.825484520787916148e-17,1.303526315775452320e-25
2.991984558105468750e+01,1.962263286113739014e-01,1.501004695892333984e+01,6.630826526134408865e-04,3.632286771650669311e-08,1.603737840644567482e-11,3.828294530798912248e-13,-9.034173837495607846e-25,-6.994975300112841651e-17,-2.892129139005798322e-25
2.490554618835449219e+01,1.922903507947921753e-01,1.499256992340087891e+01,6.721814981232155208e-04,4.184933542642097340e-08,2.488290366419070650e-11,6.790314464191963333e-13,-2.692310332790534197e-24,-1.341460908740558709e-16,-7.362484111436406339e-25
1.988892555236816406e+01,1.859478056430816650e-01,1.500559329986572266e+01,6.749259929271052760e-04,4.408624995774664365e-08,2.686824029246751764e-11,7.363478862302291709e-13,-3.171923587436244243e-24,-1.508719609209971197e-16,-8.161799100299625216e-25
1.488613224029541016e+01,1.743991822004318237e-01,1.500205707550048828e+01,6.673757853372351296e-04,3.818591657605214701e-08,2.264597558080752348e-11,5.243505243473009626e-13,-1.777945455387881881e-24,-1.009872363772389941e-16,-3.220353183685840445e-25
9.871580123901367188e+00,1.653621047735214233e-01,1.499831199645996094e+01,6.693664711802134589e-04,4.273036705109817641e-08,1.953159486606424569e-11,4.937668368031100450e-13,-1.368221873024234528e-24,-9.464993583671211722e-17,-6.922745788004854161e-25
4.872497081756591797e+00,1.582808494567871094e-01,1.499332427978515625e+01,6.689196219059305318e-04,3.960561549633848066e-08,2.177252832675100985e-11,5.599028780518451167e-13,-1.825368824591176110e-24,-1.042942286868282825e-16,-6.997456160853402958e-25
-1.407076716423034668e-01,1.511283814907073975e-01,1.500439929962158203e+01,6.655427269926831538e-04,3.603240928447642164e-08,2.159374888887310479e-11,5.067977116772974048e-13,-1.638353726972120445e-24,-9.463570212525125000e-17,-3.558233453987409460e-25
-8.709301799535751343e-02,6.650722771883010864e-02,1.793447303771972656e+01,6.643830795453063752e-04,3.694855740214539885e-08,1.798630941127898528e-11,4.130166736025666976e-13,-1.121123591857834398e-24,-7.924019016763196574e-17,-1.013946234793346612e-25
4.987546920776367188e+00,-1.800432801246643066e-02,1.796281051635742188e+01,6.765637721599836651e-04,4.500853292245013964e-08,2.972267371589063467e-11,8.554048764423312236e-13,-4.055266068794495650e-24,-1.714505368410978963e-16,-1.469243378736848644e-24
9.974558830261230469e+00,-2.881754189729690552e-02,1.798962020874023438e+01,6.724830234300995272e-04,4.229125736012983886e-08,2.549404865359313044e-11,6.709657868070707497e-13,-2.751217043861256178e-24,-1.369118705397131400e-16,-3.628737408259362012e-25
1.497524070739746094e+01,-3.139925748109817505e-02,1.798577690124511719e+01,6.615556497201852907e-04,3.440695167908887194e-08,1.731086823490037199e-11,3.415304382583070828e-13,-7.956755149585800204e-25,-6.084695671411110186e-17,-2.377311636717248354e-25
1.996992874145507812e+01,-2.834425121545791626e-02,1.800501251220703125e+01,6.652613811700938597e-04,3.807494343738632729e-08,1.834328559219908075e-11,4.267496111677444429e-13,-1.126044084309170288e-24,-7.920846442347683596e-17,-3.970150165107273939e-25
2.496278762817382812e+01,-3.844515979290008545e-02,1.799601173400878906e+01,6.606960926388817049e-04,3.427013867803095448e-08,1.407463389015008271e-11,3.156814532263504304e-13,-6.653475154752942008e-25,-5.843271573559774329e-17,9.429951070247640329e-27
2.995246887207031250e+01,-4.093133658170700073e-02,1.799315452575683594e+01,6.589439847956438459e-04,3.218697211481474687e-08,1.471163303291826247e-11,3.088352230535919108e-13,-6.396887911179467536e-25,-5.374909314275284142e-17,-1.554052971119912654e-25
3.494853210449218750e+01,-4.031832516193389893e-02,1.799241065979003906e+01,6.617319374905348932e-04,3.485855950293893123e-08,1.569273678640823286e-11,3.682629485356403284e-13,-8.317642545463406571e-25,-6.544787162546252359e-17,-3.031659433385046192e-25
3.994641876220703125e+01,-3.869526833295822144e-02,1.799719429016113281e+01,6.548235475218055785e-04,2.793846336744813399e-08,1.393474503639977237e-11,2.466036529517685361e-13,-4.469560295773889945e-25,-4.047717648538810407e-17,-9.595234237339114459e-26
2.985074806213378906e+01,1.046060919761657715e-01,2.097052764892578125e+01,6.518965559120873127e-04,2.554102283138032824e-08,1.137359640397549976e-11,1.887184622028455620e-13,-2.762681994841822173e-25,-3.014080088471637284e-17,-1.092956207147523221e-26
3.494174957275390625e+01,-3.603520989418029785e-02,2.094528961181640625e+01,6.516546361586626323e-04,2.516759050809520068e-08,1.125636382541412718e-11,1.989794412016245874e-13,-2.916805136141399194e-25,-3.094643158137869038e-17,-6.001564173628948952e-26
2.978069686889648438e+01,7.367204129695892334e-02,2.098833465576171875e+01,6.530170850049369941e-04,2.683443636576640318e-08,1.204225777039981269e-11,2.147921782331357219e-13,-3.230966675443435947e-25,-3.330617321120009860e-17,-1.222386939216008443e-25
2.478715133666992188e+01,7.293965667486190796e-02,2.099601745605468750e+01,6.606596651534136491e-04,3.154918007830424994e-08,1.834354396909063087e-11,3.958707160377196235e-13,-1.021750355097245872e-24,-6.705322692589478936e-17,-3.066416932400492109e-25
1.979295921325683594e+01,6.915389001369476318e-02,2.099070358276367188e+01,6.583919597900305797e-04,3.085494864990860484e-08,1.683013185725080530e-11,3.144810709911176829e-13,-7.153616288250782572e-25,-5.470733393796461056e-17,-1.081791602766594739e-25
1.479356861114501953e+01,7.017676532268524170e-02,2.101175689697265625e+01,6.576200513477587634e-04,3.108467601764443682e-08,1.469847082147117980e-11,2.857565584818505412e-13,-5.473510431282111938e-25,-4.788903631382669382e-17,-2.082798624910184362e-25
9.763762474060058594e+00,6.067331507802009583e-02,2.099145317077636719e+01,6.575887102245743217e-04,2.967674305571594042e-08,1.605910961809737126e-11,3.120852800901691770e-13,-6.765921194937952077e-25,-5.189353302230210829e-17,-1.742401879801100324e-25
4.768043041229248047e+00,5.704807117581367493e-02,2.100369644165039062e+01,6.626457190969982109e-04,3.437302186390589937e-08,1.842079414392923816e-11,4.143490974840050417e-13,-1.030738081264590766e-24,-6.989954630292957865e-17,-4.979859844005428207e-25
-2.337941527366638184e-01,5.417719483375549316e-02,2.101064109802246094e+01,6.704675801140644277e-04,4.195550031679689477e-08,2.145766254170028534e-11,5.698940185944702596e-13,-1.992211446620039448e-24,-1.166764962029066255e-16,-5.182938334971937639e-26
-1.767258495092391968e-01,1.252498105168342590e-02,2.394695281982421875e+01,6.656173664327997598e-04,3.927923949183390007e-08,1.694061976487202808e-11,4.275511232639011468e-13,-1.129632412365770371e-24,-8.293129777438657893e-17,-2.189686586370025378e-25
4.916428565979003906e+00,-4.368007928133010864e-02,2.395895004272460938e+01,6.557844777720409730e-04,2.922910912580212234e-08,1.392736311333118719e-11,2.606294470594506288e-13,-4.671506638618263109e-25,-4.253379747581917435e-17,-1.683441497636275468e-25
9.923520088195800781e+00,-4.270774126052856445e-02,2.399126625061035156e+01,6.564321323795463230e-04,3.029839295169356603e-08,1.401978250987455671e-11,2.569386104598877315e-13,-4.596531279802758486e-25,-4.266926072495923623e-17,-1.628760447167231625e-25
1.493119335174560547e+01,-4.009412229061126709e-02,2.400066947937011719e+01,6.537337957878916212e-04,2.665734938053726136e-08,1.337766882768780467e-11,2.403083286505964956e-13,-4.249227214794000207e-25,-3.890527034284279640e-17,-7.132490505058591768e-26
1.994074821472167969e+01,-3.721430897712707520e-02,2.400839996337890625e+01,6.521445058725454684e-04,2.593587196878573442e-08,1.151768540735071238e-11,2.023933555545462366e-13,-3.055755885960544164e-25,-3.218908476663204609e-17,-4.596407074586726895e-26
9.855242729187011719e+00,1.184995323419570923e-01,2.693114089965820312e+01,6.584479265729237946e-04,3.384262486049869981e-08,1.241011785255131340e-11,2.693800763144058484e-13,-4.924768794153320323e-25,-4.955471237894128331e-17,7.496845573421634152e-27
4.813064098358154297e+00,1.082924231886863708e-01,2.691778755187988281e+01,6.563972739067024109e-04,3.168495837003440505e-08,1.003561213989503271e-11,2.391074040427228041e-13,-3.580868023769736346e-25,-4.127843646605026059e-17,-9.467837801797805150e-26
-1.843672543764114380e-01,1.148449480533599854e-01,2.700141716003417969e+01,6.554456161599078691e-04,2.939734188136791214e-08,1.171843044340297091e-11,2.475545092482225737e-13,-4.067961378321839024e-25,-4.072429895818990397e-17,-1.108896802998855114e-25
