3.108944892883300781e+00,1.746651716530323029e-02,9.980374336242675781e+00,6.715207597918021682e-04,4.181621787478461366e-08,2.507247357671650412e-11,6.147751356260678130e-13,-2.364443428498634652e-24,-1.233739566125661406e-16,-4.848502418332420862e-25
6.057763099670410156e+00,-2.256225794553756714e-02,1.000059032440185547e+01,6.703107990198452128e-04,4.107626650541570758e-08,2.274349587238672300e-11,5.887192128377101059e-13,-2.019810021253514317e-24,-1.130250293699550542e-16,-7.490326346473168922e-25
9.055172920227050781e+00,-2.369723841547966003e-02,1.000431632995605469e+01,6.700286694209906749e-04,4.061500231368205947e-08,2.235692987969317406e-11,5.881383601219949015e-13,-2.129070620223054254e-24,-1.184647294243480248e-16,1.239953746408610352e-25
1.205922222137451172e+01,-1.588328182697296143e-02,9.961989402770996094e+00,6.693219053979012484e-04,3.984214961350551854e-08,2.255890160957865784e-11,5.684533547223254287e-13,-2.034037124746154862e-24,-1.134529671494458753e-16,8.079572336833674913e-26
1.506412887573242188e+01,-1.182577759027481079e-02,1.001459407806396484e+01,6.738437979025694614e-04,4.429741403119996478e-08,2.378554405261880935e-11,6.770271447321897974e-13,-2.712312242726112439e-24,-1.424058694436758983e-16,-1.569599463884809547e-25
1.806809616088867188e+01,-3.580894321203231812e-03,1.001781272888183594e+01,6.673423829538743628e-04,3.915456268284432715e-08,1.996777409863298487e-11,4.941231795794719353e-13,-1.535905098988997730e-24,-9.684313150864510945e-17,-2.235786451090422262e-25
2.106266021728515625e+01,2.377778291702270508e-04,1.000063705444335938e+01,6.728053669573396843e-04,4.391153764049690452e-08,2.337766585670925803e-11,6.431287377739386366e-13,-2.482286743490724364e-24,-1.343003545302963346e-16,-2.385059072929272030e-25
2.406511116027832031e+01,1.108563691377639771e-02,1.000050544738769531e+01,6.710539259821470936e-04,4.200378798206868511e-08,2.160115790139560679e-11,6.063478757208748998e-13,-2.185600104718240227e-24,-1.236768355015621003e-16,-1.966361396813485032e-25
2.707430267333984375e+01,7.033370435237884521e-03,1.000885009765625000e+01,6.671967385896272838e-04,3.845616589751200151e-08,1.961810404091414970e-11,5.144532403585619609e-13,-1.619315018830588299e-24,-1.001579834992570756e-16,-2.212401546317437426e-25
3.007686614990234375e+01,1.131465844810009003e-02,1.001633167266845703e+01,6.629355676394758099e-04,3.493275858605551332e-08,1.757421285939660144e-11,3.998061626674419203e-13,-1.055921266393459113e-24,-7.446744294008860964e-17,-9.025273363310692228e-26
3.307767868041992188e+01,1.380624435842037201e-02,1.000681209564208984e+01,6.616809207132920596e-04,3.353530418846959514e-08,1.721828574145090147e-11,3.838997006420054367e-13,-9.867623623047611473e-25,-7.028448663895167657e-17,-2.211474817898145230e-26
3.607880020141601562e+01,1.909533515572547913e-02,1.000976848602294922e+01,6.634567124905138384e-04,3.558793996547354228e-08,1.834454455691026957e-11,4.120027045081887180e-13,-1.129901801910409518e-24,-7.757671010564537027e-17,-7.914700045092003199e-26
3.907961654663085938e+01,1.587669923901557922e-02,1.000954437255859375e+01,6.606248978271449419e-04,3.316029700776715235e-08,1.582154827797564612e-11,3.519505296628981750e-13,-8.292822013720147452e-25,-6.394833313305105342e-17,-4.521538303769219862e-26
4.208951950073242188e+01,2.063758485019207001e-02,1.000316619873046875e+01,6.574686994458721258e-04,3.126402818499292566e-08,1.338127678592401482e-11,2.731065235167300561e-13,-5.217626337493573919e-25,-4.821921362607105241e-17,-1.853702794491882827e-26
4.508901977539062500e+01,2.210234664380550385e-02,1.000360012054443359e+01,6.560774680114310692e-04,2.899129901929875303e-08,1.388032142569482564e-11,2.722274415000922415e-13,-5.290587078869432004e-25,-4.634712792897518640e-17,-1.099390801449252889e-26
4.809389114379882812e+01,2.394550666213035583e-02,9.994849205017089844e+00,6.516637038840552339e-04,2.548838875690085386e-08,1.102804771380898579e-11,1.924690401566831571e-13,-2.800599670949892772e-25,-3.068581153912977527e-17,-1.396953413887043515e-26
5.109597778320312500e+01,2.489294856786727905e-02,1.000390243530273438e+01,6.495605518736923423e-04,2.364528024368225766e-08,9.993271942080728925e-12,1.635354984349042607e-13,-2.086235159538068978e-25,-2.511982852374306170e-17,-1.350949588068727948e-26
5.410145187377929688e+01,2.465618029236793518e-02,1.001518249511718750e+01,6.459605666622588935e-04,2.045060881731035904e-08,8.349401162400909792e-12,1.178119113674931578e-13,-1.165162475535215778e-25,-1.680367968179582074e-17,-8.763672757497220225e-27
6.008063888549804688e+01,-2.109530195593833923e-02,1.000053596496582031e+01,6.376189774278870608e-04,1.252851577473020012e-08,5.047247943232192359e-12,4.696757422748658553e-14,-2.282178335288804288e-26,-5.246107704375794119e-18,-1.450101727676160253e-27
6.310097503662109375e+01,3.223987668752670288e-02,1.000866031646728516e+01,6.329299775388851903e-04,7.872528656546272513e-09,3.539273323725011778e-12,2.235816264984693568e-14,-6.257601288571223823e-27,-1.974882125174437104e-18,-6.319360257610006760e-28
6.235742950439453125e+01,4.613582789897918701e-01,1.497218036651611328e+01,6.270064703760244197e-04,2.339040943876077226e-09,1.365747301814318456e-12,2.963432498751777165e-15,-1.842114910966049736e-28,-1.399870716506910084e-19,-4.011533503802198816e-29
5.996016693115234375e+01,1.800660490989685059e-01,1.498447608947753906e+01,6.279640594102164994e-04,2.865682923365408056e-09,2.095841056851263459e-12,5.906286714285573421e-15,-6.440862504056090211e-28,-3.093650676157604941e-19,-1.302769127417511089e-28
5.398174667358398438e+01,1.924174427986145020e-01,1.498317337036132812e+01,6.339523133573033396e-04,8.831505707449936542e-09,4.056286482678667806e-12,2.725148080598910681e-14,-9.022672852603255011e-27,-2.553197494327959212e-18,-8.264477558202888757e-28
5.097608566284179688e+01,1.283340454101562500e-01,1.500301647186279297e+01,6.370108977305917160e-04,1.185181289130311479e-08,4.980152643467662871e-12,4.380039288327373375e-14,-2.030650871212274691e-26,-4.745000901527777482e-18,-2.475398518888496932e-27
4.796417999267578125e+01,1.125289350748062134e-01,1.499953842163085938e+01,6.411055457137497917e-04,1.566390713526554410e-08,6.419624724780305560e-12,7.583093699621797886e-14,-5.261211126269304305e-26,-9.450728412895659082e-18,-5.591269342556461018e-27
4.495533752441406250e+01,1.057241410017013550e-01,1.501097011566162109e+01,6.430042771319727235e-04,1.769998488399918680e-08,7.212376454422011004e-12,8.871703533368298498e-14,-7.068620804468397721e-26,-1.177053651601575972e-17,-6.294376138520359519e-27
4.194990539550781250e+01,9.970756620168685913e-02,1.499810695648193359e+01,6.464067475513233380e-04,2.053939109459207191e-08,9.211548816454362752e-12,1.289208989368388390e-13,-1.389311301319547515e-25,-1.830203587007780855e-17,-2.088343454874572368e-26
3.893495178222656250e+01,9.198718518018722534e-02,1.500059795379638672e+01,6.482339955580229685e-04,2.268762097762095214e-08,9.568042475252416816e-12,1.409122748690362943e-13,-1.630138955924198342e-25,-2.115771873034077195e-17,-1.406331267805133123e-26
3.593216323852539062e+01,8.626464009284973145e-02,1.500447082519531250e+01,6.518956304811860227e-04,2.582653241392891097e-08,1.119032989741659578e-11,1.928761209611470403e-13,-2.808884541531145541e-25,-3.070155918546846497e-17,-3.734683701556034182e-26
3.291702651977539062e+01,7.746818661689758301e-02,1.498636150360107422e+01,6.518263533665339402e-04,2.565134539810627599e-08,1.121963648332653134e-11,1.929260453036707971e-13,-2.837074644813681436e-25,-3.086533674465967854e-17,-8.717501203529894532e-27
2.990965843200683594e+01,7.084478437900543213e-02,1.500729465484619141e+01,6.544066722235033790e-04,2.848963719746073005e-08,1.192536485411277670e-11,2.213338490106610419e-13,-3.525854990643757815e-25,-3.672176298075105678e-17,-7.062878969330049711e-26
2.690770149230957031e+01,6.399901211261749268e-02,1.499952316284179688e+01,6.596647538551533418e-04,3.258163024246541921e-08,1.561825324770011627e-11,3.331019983092523273e-13,-7.464371669517089262e-25,-5.909985987738250733e-17,-1.417104997863583967e-25
2.389667701721191406e+01,5.916443467140197754e-02,1.501067924499511719e+01,6.580087268281654359e-04,3.068003478069531042e-08,1.494024014348921641e-11,3.020995948091681843e-13,-6.393339553536662719e-25,-5.270195585775679121e-17,-5.628030113983126179e-26
2.088875770568847656e+01,5.063841491937637329e-02,1.498077774047851562e+01,6.577769040895048653e-04,3.083762427272244770e-08,1.439965129312491165e-11,2.868733882259804920e-13,-5.674672798880990359e-25,-4.919165500134483717e-17,-1.339288163441369613e-25
1.787968444824218750e+01,4.861717671155929565e-02,1.500624465942382812e+01,6.652107047724518333e-04,3.759888929146672291e-08,1.760812157267540599e-11,4.436935712414653705e-13,-1.235054598519933379e-24,-8.569655007712249055e-17,-1.125244213196413277e-25
1.487730503082275391e+01,3.991926088929176331e-02,1.499871540069580078e+01,6.609931247217917241e-04,3.330425741858221307e-08,1.725444985139136966e-11,3.617977429928539723e-13,-8.688726184767587569e-25,-6.382221511757504910e-17,-2.494083475251257684e-25
1.186892795562744141e+01,3.585837781429290771e-02,1.500232410430908203e+01,6.650793881116338208e-04,3.847222988568509769e-08,1.748391872245009636e-11,4.170276408548535118e-13,-1.122680919946497892e-24,-8.146023391957250844e-17,-8.734169375412789235e-26
8.866755485534667969e+00,3.161300718784332275e-02,1.499463653564453125e+01,6.695958850735819583e-04,4.038225645424612694e-08,2.187658602908631657e-11,5.940500945888335717e-13,-2.037262047705151345e-24,-1.135385873910514557e-16,-6.600898775734804897e-25
5.854841232299804688e+00,2.513404563069343567e-02,1.500599575042724609e+01,6.615356061287837623e-04,3.285406166061079650e-08,1.885422370537240896e-11,3.918629069224815507e-13,-1.002820134241682587e-24,-6.748700938915667268e-17,-3.589833974260239537e-25
2.856340646743774414e+00,2.272283285856246948e-02,1.500610637664794922e+01,6.655746314365136931e-04,3.759580099692346455e-08,1.974450492399396717e-11,4.444524860899684212e-13,-1.255690911136450512e-24,-8.395413345880031305e-17,-3.958964984455631368e-25
