5.106056690216064453e+00,-3.702338784933090210e-02,8.962197303771972656e+00,6.742174435622189229e-04,4.413906424902174032e-08,2.446173379365027201e-11,7.277840965071938145e-13,-3.068549306744214792e-24,-1.528073492293231975e-16,-1.167944693091085427e-25
1.503497791290283203e+01,-1.187527775764465332e-01,9.008994102478027344e+00,6.786392731728045592e-04,5.079494959387927677e-08,2.461108970770739927e-11,7.364033531622464419e-13,-3.071320861866499452e-24,-1.624137673194299581e-16,-6.287142632889164022e-25
2.505106163024902344e+01,-1.192161440849304199e-01,9.011916160583496094e+00,6.724495922403469182e-04,4.450580812681535746e-08,2.233503345813327717e-11,5.868559962924767307e-13,-2.123968606021339468e-24,-1.236304248684421812e-16,-5.442462799545879431e-26
3.506611633300781250e+01,-1.185972988605499268e-01,9.004048347473144531e+00,6.684946525176641962e-04,4.181299092049552786e-08,1.856153085711668562e-11,4.683105344800907687e-13,-1.380187143036023532e-24,-9.573680067811846707e-17,3.860346441886446294e-26
4.505331420898437500e+01,-1.046549081802368164e-01,9.031902313232421875e+00,6.605416185667767424e-04,3.399883493719468005e-08,1.525808279076487334e-11,3.277284622856504412e-13,-7.323541833431219660e-25,-6.041591882479383643e-17,-2.723303953423511238e-26
5.501325988769531250e+01,-5.158607289195060730e-02,9.024439811706542969e+00,6.488812110611710598e-04,2.324244810625368015e-08,9.319018906277029967e-12,1.499045366627556342e-13,-1.767678892456018565e-25,-2.280823786634364045e-17,-1.203290013509324204e-26
3.772097396850585938e+01,-1.605609655380249023e-01,1.028481388092041016e+01,6.638181101737182857e-04,3.750765852185158997e-08,1.629236582778009344e-11,3.803636132278342946e-13,-9.336957570173151485e-25,-7.272303524775227856e-17,-1.574030372634621302e-25
1.312010574340820312e+01,3.086904883384704590e-01,1.161665439605712891e+01,6.612107483573599880e-04,3.185913277579141150e-08,1.784911156994889607e-11,4.163826834354395236e-13,-1.121954481135508912e-24,-7.360734829733437950e-17,1.724769192033734992e-25
2.504899978637695312e+01,-7.551060616970062256e-02,1.199188995361328125e+01,6.636763271823344816e-04,3.796622461333289359e-08,1.552272463998266121e-11,3.566949362778986956e-13,-8.387830007577386396e-25,-6.946350986956427285e-17,-3.011722486491197116e-26
3.502998733520507812e+01,-4.519029334187507629e-02,1.200721931457519531e+01,6.601234942322452802e-04,3.376513082520751549e-08,1.459504348352144904e-11,3.197713231059249404e-13,-6.869715454984626259e-25,-5.855929055335332399e-17,-7.277305780564577901e-26
4.504915237426757812e+01,-4.034536704421043396e-02,1.196785831451416016e+01,6.507994870644821447e-04,2.539829891877962820e-08,1.021841171930381263e-11,1.671977868203185240e-13,-2.161522630701082637e-25,-2.633602609994147095e-17,-3.223927180351839758e-26
5.502958297729492188e+01,-2.580089122056961060e-02,1.201221752166748047e+01,6.385452252797587346e-04,1.316420522049140999e-08,5.660204409763274738e-12,5.602218427647484126e-14,-3.142037196681255080e-26,-6.397072230080214922e-18,-2.822142900497401471e-27
3.692302322387695312e+01,-4.984769597649574280e-02,1.335928344726562500e+01,6.541161979354472716e-04,2.842250487495179494e-08,1.183803518116200963e-11,2.148157453898144071e-13,-3.424110438710233041e-25,-3.618668902993178571e-17,-1.016314064468703313e-26
1.280398368835449219e+01,2.703997790813446045e-01,1.458123016357421875e+01,6.559135962351427939e-04,2.663640112884272741e-08,1.695423543021339472e-11,3.080929742037291576e-13,-7.040297039876592993e-25,-5.027308678369332561e-17,1.271476461263859958e-26
2.506383514404296875e+01,-7.470756769180297852e-02,1.498979759216308594e+01,6.589979070189946669e-04,3.130917899811580180e-08,1.512911428157173710e-11,3.374780732489128576e-13,-7.422666746769266370e-25,-5.813074624493263726e-17,-1.747592893833766089e-25
3.505612564086914062e+01,-3.248799592256546021e-02,1.501531124114990234e+01,6.520064142464656936e-04,2.633967820737071819e-08,1.099958941827625477e-11,1.881115520629085057e-13,-2.700103897770198615e-25,-3.049022240038205355e-17,-1.769843385643761560e-26
4.505016708374023438e+01,-3.081136941909790039e-02,1.501467800140380859e+01,6.421270473674536416e-04,1.647877391446836226e-08,7.291556555534938624e-12,8.526551107103646339e-14,-6.687871379406950627e-26,-1.089393044004519378e-17,-6.874488019453000773e-27
5.504380798339843750e+01,-2.350593730807304382e-02,1.501704692840576172e+01,6.314445719175705877e-04,5.983613895761552372e-09,3.583205935011972906e-12,1.843292864312701286e-14,-4.620346934037748248e-27,-1.394968551998951266e-18,-1.045965918411565283e-27
3.686793518066406250e+01,-3.300354257225990295e-02,1.636157417297363281e+01,6.468512779765815766e-04,2.153672673525251215e-08,8.357195757744976837e-12,1.250405607642996798e-13,-1.255830728214880495e-25,-1.803292266993664844e-17,-2.382088074264879269e-26
1.207729434967041016e+01,2.602924108505249023e-01,1.756027412414550781e+01,6.551572485243801819e-04,2.505852937658703505e-08,1.674843779201440807e-11,3.162415056925691594e-13,-7.103024016226382200e-25,-4.920999672446108476e-17,1.586557386418887971e-25
2.507494926452636719e+01,-6.693790853023529053e-02,1.800288200378417969e+01,6.510813115761051630e-04,2.502536834003743162e-08,1.091301500834255089e-11,1.804531767447408233e-13,-2.528675496738478338e-25,-2.849548640370129519e-17,-1.358757172018766151e-26
3.505677413940429688e+01,-1.198069006204605103e-02,1.802309989929199219e+01,6.452461844335644851e-04,1.938040983452926213e-08,8.426324410674195201e-12,1.163811801008917449e-13,-1.127636279806164903e-25,-1.593802630745455255e-17,-2.381316211157391518e-26
4.493640136718750000e+01,6.821362674236297607e-02,1.801486206054687500e+01,6.370766346603246033e-04,1.130556741549011158e-08,5.680471445138111005e-12,4.989170780547590431e-14,-2.569754696574654540e-26,-5.128372710936885455e-18,-6.715010453027774200e-27
5.499124526977539062e+01,1.577986590564250946e-02,1.801747322082519531e+01,6.661840416437973551e-04,3.121729344489416740e-08,2.446079757007950759e-11,6.689727296371241116e-13,-2.700486896802037405e-24,-1.179816796361698706e-16,-1.746011419166968120e-25
